150689956 4207561
150689956 4207565
150689956 4207569
150689956 4207573
150689956 4207576
150689956 4207579
150689957 4199776
150689957 4199779
150689957 4199781
150689957 4199788
150689957 4199795
150689957 4199802
150689966 4199805
150689966 4199808
150689966 4199810
150689966 4199814
150689966 4199817
150689966 4199821
150689967 4199824
150689968 4199830
150689968 4199833
150689968 4199836
150690135 4207584
150690135 4207588
150690135 4207592
150690135 4207597
150690135 4207600
150690135 4207600
150690136 4207600
150690136 4207600
150690136 4207600
150690136 4207600
150690136 4207600
150690136 4207600
150690137 4207600
150690137 4207603
150690137 4207607
150690137 4207611
150695428 4207520
150695428 4207525
150695428 4207527
150695428 4207535
150695428 4207541
150695428 4207545
150695429 4207549
150695429 4207553
150695429 4207557
150695429 4207561
150695429 4207565
150695429 4207569
150695430 4207573
150695430 4207576
150695430 4207579
150695431 4199776
150695431 4199779
150695431 4199781
150695431 4199788
150695431 4199795
150695431 4199802
150695432 4199805
150695432 4199808
150695433 4199826
150695433 4199830
150695433 4199833
150695433 4199836
150695434 4207584
150695434 4207588
150695434 4207592
150695434 4207597
150695434 4207600
150695434 4207600
150695435 4207600
150695435 4207600
150695435 4207600
150695435 4207600
150695435 4207600
150695435 4207600
150695436 4207600
150695436 4207603
150695436 4207607
150695436 4207611
150695437 4207520
150695437 4207525
150695437 4207527
150695437 4207535
150695437 4207541
150695437 4207545
150695438 4207549
150695438 4207553
150695438 4207557
150695438 4207561
150695438 4207565
150695438 4207569
150695439 4207573
150695439 4207576
150695439 4207579
150695440 4199776
150695440 4199779
150695440 4199781
150695440 4199788
150695440 4199795
150695440 4199802
150695441 4199805
150695441 4199808
150697209 4199826
150697209 4199830
150697209 4199833
150697209 4199836
150697210 4207584
150697210 4207588
150697210 4207592
150697210 4207597
150697210 4207600
150697210 4207600
150697211 4207600
150697211 4207600
150697211 4207600
150697211 4207600
150697211 4207600
150697211 4207600
150697212 4207600
150697212 4207603
150697212 4207607
150697212 4207611
150697213 4207520
150697213 4207525
150697213 4207527
150697213 4207535
150697213 4207541
150697213 4207545
150697214 4207549
150697214 4207553
150697214 4207557
150697214 4207561
150697214 4207565
150697214 4207569
150697215 4207573
150697215 4207576
150697215 4207579
150697216 4199776
150697216 4199779
150697216 4199781
150697216 4199788
150697216 4199795
150697216 4199802
150697217 4199805
150697217 4199808
150697218 4199826
150697218 4199830
150697218 4199833
150697218 4199836
150697219 4207584
150697219 4207588
150697219 4207592
150697219 4207597
150697219 4207600
150697219 4207600
150697220 4207600
150697220 4207600
150697220 4207600
150697220 4207600
150697220 4207600
150697220 4207600
150697221 4207600
150697221 4207603
150697221 4207607
150697221 4207611
150697222 4207520
150697222 4207525
150697222 4207527
150697222 4207535
150697222 4207541
150697222 4207545
150697223 4207549
150697223 4207553
150697223 4207557
150697223 4207561
150697223 4207565
150697223 4207569
150697224 4207573
150697224 4207576
150697224 4207579
150697225 4199776
150697225 4199779
150697225 4199781
150697225 4199788
150697225 4199795
150697225 4199802
150697226 4199805
150697226 4199808
150699570 4199810
150699570 4199814
150699570 4199817
150699570 4199821
150699570 4199824
150699571 4199830
150699571 4199833
150699571 4199836
150699572 4207584
150699572 4207588
150699572 4207592
150699572 4207597
150699572 4207600
150699572 4207600
150699573 4207600
150699573 4207600
150699573 4207600
150699573 4207600
150699573 4207600
150699573 4207600
150699574 4207600
150699574 4207603
150699574 4207607
150699574 4207611
150699575 4207520
150699575 4207525
150699575 4207527
150699575 4207535
150699575 4207541
150699575 4207545
150699576 4207549
150699576 4207553
150699576 4207557
150699576 4207561
150699576 4207565
150699576 4207569
150699577 4207573
150699577 4207576
150699577 4207579
150699578 4199776
150699578 4199779
150699578 4199781
150699578 4199788
150699578 4199795
150699578 4199802
150699579 4199805
150699579 4199808
150699602 4199810
150699602 4199814
150699602 4199817
150699602 4199821
150699602 4199824
150699603 4199830
150699603 4199833
150699603 4199836
150699604 4207584
150699604 4207588
150699604 4207592
150699604 4207597
150699604 4207600
150699604 4207600
150699605 4207600
150699605 4207600
150699605 4207600
150699605 4207600
150699605 4207600
150699605 4207600
150699606 4207600
150699606 4207603
150699606 4207607
150699606 4207611
150699607 4207520
150699607 4207525
150699607 4207527
150699607 4207535
150699607 4207541
150699607 4207545
150699608 4207549
150699608 4207553
150699608 4207557
150699608 4207561
150699608 4207565
150699608 4207569
150699609 4207573
150699609 4207576
150699609 4207579
150699610 4199776
150699610 4199779
150699610 4199781
150699610 4199788
150699610 4199795
150699610 4199802
150699611 4199805
150699611 4199808
150699611 4199810
150699611 4199814
150699611 4199817
150699611 4199821
150699612 4199824
150699613 4199830
150699613 4199833
150699613 4199836
150699614 4207584
150699614 4207588
150699614 4207592
150699614 4207597
150699614 4207600
150699614 4207600
150699615 4207600
150699615 4207600
150699615 4207600
150699615 4207600
150699615 4207600
150699615 4207600
150699616 4207600
150699616 4207603
150699616 4207607
150699616 4207611
150699617 4207520
150699617 4207525
150699617 4207527
150699617 4207535
150699617 4207541
150699617 4207545
150699618 4207549
150699618 4207553
150699618 4207557
150699618 4207561
150699618 4207565
150699618 4207569
150699619 4207573
150699619 4207576
150699619 4207579
150699620 4199776
150699620 4199779
150699620 4199781
150699620 4199788
150699620 4199795
150699620 4199802
150699621 4199805
150699621 4199808
150705220 4199826
150705220 4199830
150705220 4199833
150705220 4199836
150705221 4207584
150705221 4207588
150705221 4207592
150705221 4207597
150705221 4207600
150705221 4207600
150705222 4207600
150705222 4207600
150705222 4207600
150705222 4207600
150705222 4207600
150705222 4207600
150705223 4207600
150705223 4207603
150705223 4207607
150705223 4207611
150705224 4207520
150705224 4207525
150705224 4207527
150705224 4207535
150705224 4207541
150705224 4207545
150705225 4207549
150705225 4207553
150705225 4207557
150705225 4207561
150705225 4207565
150705225 4207569
150705226 4207573
150705226 4207576
150705226 4207579
150705227 4199776
150705227 4199779
150705227 4199781
150705227 4199788
150705227 4199795
150705227 4199802
150705228 4199805
150705228 4199808
150705229 4199826
150705229 4199830
150705229 4199833
150705229 4199836
150705230 4207584
150705230 4207588
150705230 4207592
150705230 4207597
150705230 4207600
150705230 4207600
150705231 4207600
150705231 4207600
150705231 4207600
150705231 4207600
150705231 4207600
150705231 4207600
150705232 4207600
150705232 4207603
150705232 4207607
150705232 4207611
150705233 4207520
150705233 4207525
150705233 4207527
150705233 4207535
150705233 4207541
150705233 4207545
150705234 4207549
150705234 4207553
150705234 4207557
150705234 4207561
150705234 4207565
150705234 4207569
150705235 4207573
150705235 4207576
150705235 4207579
150705236 4199776
150705236 4199779
150705236 4199781
150705236 4199788
150705236 4199795
150705236 4199802
150705237 4199805
150705237 4199808
150705264 4199810
150705264 4199814
150705264 4199817
150705264 4199821
150705264 4199824
150705265 4199830
150705265 4199833
150705265 4199836
150705266 4207584
150705266 4207588
150705266 4207592
150705266 4207597
150705266 4207600
150705266 4207600
150705267 4207600
150705267 4207600
150705267 4207600
150705267 4207600
150705267 4207600
150705267 4207600
150705268 4207600
150705268 4207603
150705268 4207607
150705268 4207611
150705269 4207520
150705269 4207525
150705269 4207527
150705269 4207535
150705269 4207541
150705269 4207545
150705270 4207549
150705270 4207553
150705270 4207557
150705270 4207561
150705270 4207565
150705270 4207569
150705271 4207573
150705271 4207576
150705271 4207579
150705272 4199776
150705272 4199779
150705272 4199781
150705272 4199788
150705272 4199795
150705272 4199802
150705273 4199805
150705273 4199808
150705273 4199810
150705273 4199814
150705273 4199817
150705273 4199821
150705274 4199824
150705275 4199830
150705275 4199833
150705275 4199836
150705276 4207584
150705276 4207588
150705276 4207592
150705276 4207597
150705276 4207600
150705276 4207600
150705277 4207600
150705277 4207600
150705277 4207600
150705277 4207600
150705277 4207600
150705277 4207600
150705278 4207600
150705278 4207603
150705278 4207607
150705278 4207611
150705279 4207520
150705279 4207525
150705279 4207527
150705279 4207535
150705279 4207541
150705279 4207545
150705280 4207549
150705280 4207553
150705280 4207557
150705280 4207561
150705280 4207565
150705280 4207569
150705281 4207573
150705281 4207576
150705281 4207579
150705282 4199776
150705282 4199779
150705282 4199781
150705282 4199788
150705282 4199795
150705282 4199802
150705283 4199805
150705283 4199808
150705306 4199826
150705306 4199830
150705306 4199833
150705306 4199836
150705307 4207584
150705307 4207588
150705307 4207592
150705307 4207597
150705307 4207600
150705307 4207600
150705308 4207600
150705308 4207600
150705308 4207600
150705308 4207600
150705308 4207600
150705308 4207600
150705309 4207600
150705309 4207603
150705309 4207607
150705309 4207611
150705310 4207520
150705310 4207525
150705310 4207527
150705310 4207535
150705310 4207541
150705310 4207545
150705311 4207549
150705311 4207553
150705311 4207557
150705311 4207561
150705311 4207565
150705311 4207569
150705312 4207573
150705312 4207576
150705312 4207579
150705313 4199776
150705313 4199779
150705313 4199781
150705313 4199788
150705313 4199795
150705313 4199802
150705314 4199805
150705314 4199808
150705315 4199826
150705315 4199830
150705315 4199833
150705315 4199836
150705316 4207584
150705316 4207588
150705316 4207592
150705316 4207597
150705316 4207600
150705316 4207600
150705317 4207600
150705317 4207600
150705317 4207600
150705317 4207600
150705317 4207600
150705317 4207600
150705318 4207600
150705318 4207603
150705318 4207607
150705318 4207611
150705319 4207520
150705319 4207525
150705319 4207527
150705319 4207535
150705319 4207541
150705319 4207545
150705320 4207549
150705320 4207553
150705320 4207557
150705320 4207561
150705320 4207565
150705320 4207569
150705321 4207573
150705321 4207576
150705321 4207579
150705322 4199776
150705322 4199779
150705322 4199781
150705322 4199788
150705322 4199795
150705322 4199802
150705323 4199805
150705323 4199808
150705324 4199826
150705324 4199830
150705324 4199833
150705324 4199836
150705325 4207584
150705325 4207588
150705325 4207592
150705325 4207597
150705325 4207600
150705325 4207600
150705326 4207600
150705326 4207600
150705326 4207600
150705326 4207600
150705326 4207600
150705326 4207600
150705327 4207600
150705327 4207603
150705327 4207607
150705327 4207611
150705328 4207520
150705328 4207525
150705328 4207527
150705328 4207535
150705328 4207541
150705328 4207545
150705329 4207549
150705329 4207553
150705329 4207557
150705329 4207561
150705329 4207565
150705329 4207569
150705330 4207573
150705330 4207576
150705330 4207579
150705331 4199776
150705331 4199779
150705331 4199781
150705331 4199788
150705331 4199795
150705331 4199802
150705332 4199805
150705332 4199808
150705333 4199826
150705333 4199830
150705333 4199833
150705333 4199836
150705334 4207584
150705334 4207588
150705334 4207592
150705334 4207597
150705334 4207600
150705334 4207600
150706219 4207600
150706219 4207600
150706221 4207600
150706221 4207600
150706223 4207600
150706224 4207600
150706224 4207600
150706224 4207603
150706224 4207607
150706224 4207611
150706225 4207520
150706225 4207525
150706226 4207527
150706226 4207535
150706226 4207541
150706227 4207545
150706228 4207549
150706228 4207553
150706228 4207557
150706229 4207561
150706230 4207565
150706230 4207569
150706230 4207573
150706231 4207576
150706231 4207579
150706232 4199776
150706232 4199779
150706232 4199781
150706232 4199788
150706232 4199795
150706232 4199802
150706233 4199805
150706233 4199808
150706234 4199826
150706234 4199830
150706234 4199833
150706234 4199836
150706235 4207584
150706235 4207588
150706235 4207592
150706235 4207597
150706235 4207600
150706235 4207600
150710029 4207600
150710029 4207600
150710031 4207600
150710031 4207600
150710033 4207600
150710034 4207600
150710034 4207600
150710034 4207603
150710034 4207607
150710034 4207611
150710035 4207520
150710035 4207525
150710036 4207527
150710036 4207535
150710036 4207541
150710037 4207545
150710038 4207549
150710038 4207553
150710038 4207557
150710039 4207561
150710040 4207565
150710040 4207569
150710040 4207573
150710041 4207576
150710041 4207579
150710042 4199776
150710042 4199779
150710042 4199781
150710042 4199788
150710042 4199795
150710042 4199802
150710043 4199805
150710043 4199808
150713713 4199810
150713713 4199814
150713713 4199817
150713713 4199821
150713713 4199824
150713714 4199830
150713714 4199833
150713714 4199836
150713715 4207584
150713715 4207588
150713715 4207592
150713715 4207597
150713715 4207600
150713715 4207600
150713716 4207600
150713716 4207600
150713716 4207600
150713716 4207600
150713716 4207600
150713716 4207600
150713717 4207600
150713717 4207603
150713717 4207607
150713717 4207611
150713718 4207520
150713718 4207525
150713718 4207527
150713718 4207535
150713718 4207541
150713718 4207545
150713719 4207549
150713719 4207553
150713719 4207557
150713719 4207561
150713719 4207565
150713719 4207569
150713720 4207573
150713720 4207576
150713720 4207579
150713721 4199776
150713721 4199779
150713721 4199781
150713721 4199788
150713721 4199795
150713721 4199802
150713722 4199805
150713722 4199808
150713722 4199810
150713722 4199814
150713722 4199817
150713722 4199821
150713723 4199824
150713724 4199830
150713724 4199833
150713724 4199836
150713725 4207584
150713725 4207588
150713725 4207592
150713725 4207597
150713725 4207600
150713725 4207600
150713726 4207600
150713726 4207600
150713726 4207600
150713726 4207600
150713726 4207600
150713726 4207600
150713727 4207600
150713727 4207603
150713727 4207607
150713727 4207611
150713728 4207520
150713728 4207525
150713728 4207527
150713728 4207535
150713728 4207541
150713728 4207545
150713729 4207549
150713729 4207553
150713729 4207557
150713729 4207561
150713729 4207565
150713729 4207569
150713730 4207573
150713730 4207576
150713730 4207579
150713731 4199776
150713731 4199779
150713731 4199781
150713731 4199788
150713731 4199795
150713731 4199802
150713732 4199805
150713732 4199808
150716592 4199826
150716592 4199830
150716592 4199833
150716592 4199836
150716593 4207584
150716593 4207588
150716593 4207592
150716593 4207597
150716593 4207600
150716593 4207600
150716594 4207600
150716594 4207600
150716594 4207600
150716594 4207600
150716594 4207600
150716594 4207600
150716595 4207600
150716595 4207603
150716595 4207607
150716595 4207611
150716596 4207520
150716596 4207525
150716596 4207527
150716596 4207535
150716596 4207541
150716596 4207545
150716597 4207549
150716597 4207553
150716597 4207557
150716597 4207561
150716597 4207565
150716597 4207569
150716598 4207573
150716598 4207576
150716598 4207579
150716599 4199776
150716599 4199779
150716599 4199781
150716599 4199788
150716599 4199795
150716599 4199802
150716600 4199805
150716600 4199808
150716601 4199826
150716601 4199830
150716601 4199833
150716601 4199836
150716602 4207584
150716602 4207588
150716602 4207592
150716602 4207597
150716602 4207600
150716602 4207600
150716603 4207600
150716603 4207600
150716603 4207600
150716603 4207600
150716603 4207600
150716603 4207600
150716604 4207600
150716604 4207603
150716604 4207607
150716604 4207611
150716605 4207520
150716605 4207525
150716605 4207527
150716605 4207535
150716605 4207541
150716605 4207545
150716606 4207549
150716606 4207553
150716606 4207557
150716606 4207561
150716606 4207565
150716606 4207569
150716607 4207573
150716607 4207576
150716607 4207579
150716608 4199776
150716608 4199779
150716608 4199781
150716608 4199788
150716608 4199795
150716608 4199802
150716609 4199805
150716609 4199808
150716610 4199826
150716610 4199830
150716610 4199833
150716610 4199836
150716611 4207584
150716611 4207588
150716611 4207592
150716611 4207597
150716611 4207600
150716611 4207600
150716612 4207600
150716612 4207600
150716612 4207600
150716612 4207600
150716612 4207600
150716612 4207600
150716613 4207600
150716613 4207603
150716613 4207607
150716613 4207611
150716614 4207520
150716614 4207525
150716614 4207527
150716614 4207535
150716614 4207541
150716614 4207545
150716615 4207549
150716615 4207553
150716615 4207557
150716615 4207561
150716615 4207565
150716615 4207569
150716616 4207573
150716616 4207576
150716616 4207579
150716617 4199776
150716617 4199779
150716617 4199781
150716617 4199788
150716617 4199795
150716617 4199802
150716618 4199805
150716618 4199808
150716619 4199826
150716619 4199830
150716619 4199833
150716619 4199836
150716620 4207584
150716620 4207588
150716620 4207592
150716620 4207597
150716620 4207600
150716620 4207600
150716621 4207600
150716621 4207600
150716621 4207600
150716621 4207600
150716621 4207600
150716621 4207600
150716622 4207600
150716622 4207603
150716622 4207607
150716622 4207611
150716623 4207520
150716623 4207525
150716623 4207527
150716623 4207535
150716623 4207541
150716623 4207545
150716624 4207549
150716624 4207553
150716624 4207557
150716624 4207561
150716624 4207565
150716624 4207569
150716625 4207573
150716625 4207576
150716625 4207579
150716626 4199776
150716626 4199779
150716626 4199781
150716626 4199788
150716626 4199795
150716626 4199802
150716627 4199805
150716627 4199808
150716628 4199826
150716628 4199830
150716628 4199833
150716628 4199836
150716629 4207584
150716629 4207588
150716629 4207592
150716629 4207597
======
