4000000 37821904 0
4000001 934472440 0
4000002 934471960 0
4000002 9913200 1
4000003 234380488 0
4000004 234380496 0
4000005 9911512 0
4000005 9911652 1
4000006 934472136 0
4000007 934472080 0
4000008 934472072 0
4000009 934472036 0
4000010 934472412 0
4000011 934472408 0
4000012 934472448 0
4000013 934472288 0
4000014 934472324 0
4000015 934472368 0
4000016 934472328 0
4000017 934472432 0
4000018 934472400 0
4000019 934472424 0
4000020 934472256 0
4000021 934472148 0
4000022 934472128 0
4000023 934472360 0
4000024 934472304 0
4000025 934472296 0
4000026 934472392 0
4000027 934472344 0
4000028 934472016 0
4000029 934472112 0
4000030 934472336 0
4000031 934472240 0
4000032 934472120 0
4000033 934472416 0
4000034 934472008 0
4000034 61217618 1
4000035 934472008 0
4000035 61217617 1
4000036 934472040 0
4000037 934472048 0
4000038 934472200 0
4000039 934472224 0
4000040 934472168 0
4000044 934472384 0
4000045 934472248 0
4000046 934472376 0
4000047 934472024 0
4000048 934471992 0
4000049 934472104 0
4000049 934472640 1
4000050 934472096 0
4000050 156186304 1
4000051 934472056 0
4000052 934472152 0
4000054 934472000 0
4000055 6994544 1
4000057 38028440 0
4000059 38028444 0
4000063 38028456 0
4000064 38028448 0
4000065 38028416 0
4000067 934472064 0
4000067 38028424 0
4000067 9898152 1
4000069 934472120 0
4000069 9912328 0
4000070 61217622 1
4000071 934472008 0
4000071 934472040 0
4000071 61217621 1
4000073 934472048 0
4000073 934472200 0
4000075 934472224 0
4000075 934472168 0
4000077 934472384 0
4000077 934472248 0
4000079 934472376 0
4000079 934472024 0
4000081 934471992 0
4000081 934472104 0
4000081 934472640 1
4000083 934472096 0
4000083 934472056 0
4000083 156186304 1
4000085 934472152 0
4000085 934472000 0
4000087 6994368 1
4000088 934472632 1
4000088 156186303 1
4000089 6716708 1
4000091 6716696 1
4000093 934472000 0
4000095 9912328 0
4000095 9898152 1
4000096 934472120 0
4000097 934472016 0
4000097 934472048 0
4000098 934472200 0
4000098 934472224 0
4000099 934472168 0
4000099 934472384 0
4000100 934472248 0
4000100 934472376 0
4000100 934472136 1
4000100 934472640 1
4000101 934472024 0
4000101 934471992 0
4000101 156186304 1
4000102 934472104 0
4000102 934472096 0
4000103 934472056 0
4000103 934472152 0
4000104 934472000 0
4000104 6995192 1
4000106 9911512 1
4000106 61320064 1
4000107 61320064 0
4000107 61320068 0
4000108 61217661 1
4000109 934472000 0
4000110 934472048 0
4000110 61217662 1
4000111 934472008 0
4000111 934472040 0
4000111 61217661 1
4000112 934472048 0
4000112 934472200 0
4000113 934472224 0
4000113 934472168 0
4000115 934472384 0
4000115 934472248 0
4000117 934472376 0
4000117 934472024 0
4000119 934471992 0
4000119 934472104 0
4000119 934472136 1
4000119 934472640 1
4000121 934472096 0
4000121 934472056 0
4000121 156186304 1
4000123 934472152 0
4000123 934472000 0
4000125 6994544 1
4000126 38028440 0
4000126 38028444 0
4000126 934472288 1
4000127 38028456 0
4000127 38028448 0
4000127 9911512 1
4000129 38028416 0
4000130 934472064 0
4000130 38028424 0
4000130 9898152 1
4000132 934472120 0
4000132 9912328 0
4000133 61217666 1
4000134 934472008 0
4000134 934472040 0
4000134 61217665 1
4000136 934472048 0
4000136 934472200 0
4000138 934472224 0
4000138 934472168 0
4000140 934472384 0
4000140 934472248 0
4000142 934472376 0
4000142 934472024 0
4000144 934471992 0
4000144 934472104 0
4000144 934472136 1
4000144 934472640 1
4000146 934472096 0
4000146 934472056 0
4000146 156186304 1
4000148 934472152 0
4000148 934472000 0
4000150 6994584 1
4000150 934472180 1
4000152 61217664 1
4000152 934472036 1
4000153 934472180 1
4000154 61217668 1
4000155 6719746 1
4000156 934472000 0
4000156 934472336 1
4000157 9898152 1
4000158 9912328 0
4000159 934472120 0
4000160 934472016 0
4000160 934472048 0
4000161 934472200 0
4000161 934472224 0
4000162 934472168 0
4000162 934472384 0
4000163 934472248 0
4000163 934472376 0
4000163 934472136 1
4000163 934472640 1
4000164 934472024 0
4000164 934471992 0
4000164 156186304 1
4000165 934472104 0
4000165 934472096 0
4000166 934472056 0
4000166 934472152 0
4000167 934472000 0
4000167 6995192 1
4000167 934472344 1
4000168 9911512 1
4000170 61320064 0
4000170 61320068 0
4000171 61217693 1
4000172 934472000 0
4000172 934472048 0
4000173 934472336 1
4000175 61320052 1
4000175 934472368 1
4000176 934472456 1
4000176 934472464 1
4000177 934472472 1
4000177 934472480 1
4000178 934472488 1
4000178 934472496 1
4000179 934472504 0
4000179 934472496 0
4000179 934472504 1
4000179 934472672 1
4000180 934472488 0
4000180 934472480 0
4000180 9911512 1
4000180 9914456 1
4000181 934472472 0
4000181 934472464 0
4000181 9911512 1
4000182 934472456 0
4000182 934472436 0
4000182 9913200 1
4000183 9914456 0
4000183 234380496 1
4000184 234380488 1
4000185 9911512 0
4000186 7025864 1
4000187 37821904 0
4000187 37821904 1
4000188 9914456 0
4000191 934472672 0
4000191 934472624 1
4000191 55005600 1
4000192 61218272 0
4000192 61320064 0
4000192 61320056 1
4000192 934472632 1
4000193 61320072 1
4000193 61320048 1
4000194 934472504 0
4000194 934472496 0
4000195 934472488 0
4000195 934472480 0
4000196 934472472 0
4000196 934472464 0
4000196 934472714 1
4000196 9912752 1
4000197 934472456 0
4000197 934471992 0
4000197 61216776 1
4000197 9911500 1
4000198 934471960 0
4000198 934472264 0
4000198 934472624 1
4000198 55005600 1
4000199 934472064 0
4000199 934472208 0
4000199 9912768 1
4000199 61320048 1
4000200 934472356 0
4000200 37821888 1
4000200 37871888 1
4000201 934472236 0
4000201 934472092 0
4000201 934472713 1
4000201 61320056 1
4000202 934472180 0
4000202 37821904 0
4000204 934472440 0
4000204 934471960 0
4000204 9913200 1
4000206 234380488 0
4000206 234380496 0
4000208 9911512 0
4000208 9911652 1
4000209 934472136 0
4000209 934472080 0
4000211 934472072 0
4000211 934472036 0
4000213 934472412 0
4000213 934472408 0
4000215 934472448 0
4000215 934472288 0
4000217 934472324 0
4000217 934472368 0
4000219 934472328 0
4000219 934472432 0
4000221 934472400 0
4000221 934472424 0
4000223 934472256 0
4000223 934472148 0
4000225 934472128 0
4000225 934472360 0
4000227 934472304 0
4000227 934472296 0
4000229 934472392 0
4000229 934472344 0
4000231 934472016 0
4000231 934472112 0
4000233 934472336 0
4000233 934472240 0
4000235 934472120 0
4000235 934472416 0
4000237 934472008 0
4000237 61217618 1
4000238 934472008 0
4000238 61217617 1
4000239 934472040 0
4000239 934472048 0
4000241 934472200 0
4000241 934472224 0
4000243 934472168 0
4000247 934472384 0
4000247 934472248 0
4000249 934472376 0
4000249 934472024 0
4000251 934471992 0
4000251 934472104 0
4000251 934472640 1
4000253 934472096 0
4000253 934472056 0
4000253 156186305 1
4000255 934472152 0
4000256 934472000 0
4000257 6994544 1
4000260 38028440 0
4000261 38028444 0
4000266 38028456 0
4000267 38028448 0
4000268 38028416 0
4000269 934472064 0
4000270 38028424 0
4000270 9898152 1
4000271 934472120 0
4000272 9912328 0
4000273 934472008 0
4000273 61217622 1
4000273 61217621 1
4000274 934472040 0
4000275 934472048 0
4000276 934472200 0
4000277 934472224 0
4000278 934472168 0
4000279 934472384 0
4000280 934472248 0
4000281 934472376 0
4000282 934472024 0
4000283 934471992 0
4000284 934472104 0
4000284 934472640 1
4000285 934472096 0
4000285 156186305 1
4000286 934472056 0
4000287 934472152 0
4000288 934472000 0
4000289 6994368 1
4000290 934472632 1
4000291 156186304 1
4000291 6716696 1
4000293 6716660 1
4000295 934472000 0
4000297 9912328 0
4000297 9898152 1
4000298 934472120 0
4000299 934472016 0
4000299 934472048 0
4000300 934472200 0
4000300 934472224 0
4000301 934472168 0
4000301 934472384 0
4000302 934472248 0
4000302 934472376 0
4000302 934472136 1
4000302 934472640 1
4000303 934472024 0
4000303 934471992 0
4000303 156186305 1
4000304 934472104 0
4000304 934472096 0
4000305 934472056 0
4000305 934472152 0
4000306 934472000 0
4000306 6995192 1
4000308 9911512 1
4000308 61320064 1
4000309 61320064 0
4000310 61320068 0
4000310 61217661 1
4000311 934472000 0
4000312 934472048 0
4000312 61217662 1
4000313 934472008 0
4000313 61217661 1
4000314 934472040 0
4000314 934472048 0
4000315 934472200 0
4000315 934472224 0
4000316 934472168 0
4000317 934472384 0
4000318 934472248 0
4000319 934472376 0
4000320 934472024 0
4000321 934471992 0
4000322 934472104 0
4000322 934472136 1
4000322 934472640 1
4000323 934472096 0
4000323 156186305 1
4000324 934472056 0
4000325 934472152 0
4000326 934472000 0
4000327 6994544 1
4000328 38028440 0
4000328 38028444 0
4000328 934472288 1
4000329 38028456 0
4000329 9911512 1
4000330 38028448 0
4000331 38028416 0
4000332 934472064 0
4000333 38028424 0
4000333 9898152 1
4000334 934472120 0
4000335 9912328 0
4000336 934472008 0
4000336 61217666 1
4000336 61217665 1
4000337 934472040 0
4000338 934472048 0
4000339 934472200 0
4000340 934472224 0
4000341 934472168 0
4000342 934472384 0
4000343 934472248 0
4000344 934472376 0
4000345 934472024 0
4000346 934471992 0
4000347 934472104 0
4000347 934472136 1
4000347 934472640 1
4000348 934472096 0
4000348 156186305 1
4000349 934472056 0
4000350 934472152 0
4000351 934472000 0
4000352 6994584 1
4000352 934472180 1
4000354 61217664 1
4000354 934472036 1
4000355 934472180 1
4000356 61217668 1
4000357 6719737 1
4000358 934472000 0
4000358 934472016 1
4000358 934472336 1
4000360 9912328 0
4000360 9898152 1
4000361 934472120 0
4000362 934472016 0
4000362 934472048 0
4000363 934472200 0
4000363 934472224 0
4000364 934472168 0
4000364 934472384 0
4000365 934472248 0
4000365 934472376 0
4000365 934472136 1
4000365 934472640 1
4000366 934472024 0
4000366 934471992 0
4000366 156186305 1
4000367 934472104 0
4000367 934472096 0
4000368 934472056 0
4000368 934472152 0
4000369 934472000 0
4000369 6995192 1
4000369 934472344 1
4000371 9911512 1
4000372 61320064 0
4000372 61320068 0
4000373 61217693 1
4000374 934472000 0
4000374 934472048 0
4000375 934472336 1
4000377 61320052 1
4000377 934472368 1
4000378 934472456 1
4000378 934472464 1
4000379 934472472 1
4000379 934472480 1
4000380 934472488 1
4000380 934472496 1
4000381 934472504 0
4000381 934472496 0
4000381 934472504 1
4000381 934472672 1
4000382 934472488 0
4000382 934472480 0
4000382 9911512 1
4000382 9914456 1
4000383 934472472 0
4000383 934472464 0
4000383 9911512 1
4000384 934472456 0
4000384 934472436 0
4000385 9914456 0
4000385 9913200 1
4000385 234380496 1
4000386 234380488 1
4000387 9911512 0
4000388 7025864 1
4000389 37821904 1
4000390 37821904 0
4000391 9914456 0
4000393 934472624 1
4000393 55005600 1
4000394 934472672 0
4000394 61218272 0
4000394 61320056 1
4000394 934472632 1
4000395 61320064 0
4000395 61320072 1
4000395 61320048 1
4000396 934472504 0
4000396 934472496 0
4000397 934472488 0
4000397 934472480 0
4000398 934472472 0
4000398 934472464 0
4000398 934472714 1
4000398 9912752 1
4000399 934472456 0
4000399 934471992 0
4000399 61216776 1
4000399 9911500 1
4000400 934471960 0
4000400 934472264 0
4000400 934472624 1
4000400 55005600 1
4000401 934472064 0
4000401 934472208 0
4000401 61320048 1
4000401 61320056 1
4000402 934472356 0
4000402 9912768 1
4000402 37821888 1
4000403 934472236 0
4000403 934472092 0
4000403 37871888 1
4000403 934472713 1
4000404 934472180 0
4000405 37821904 0
4000406 934472440 0
4000407 934471960 0
4000407 9913200 1
4000408 234380488 0
4000409 234380496 0
4000410 9911512 0
4000410 9911652 1
4000411 934472136 0
4000412 934472080 0
4000413 934472072 0
4000414 934472036 0
4000415 934472412 0
4000416 934472408 0
4000417 934472448 0
4000418 934472288 0
4000419 934472324 0
4000420 934472368 0
4000421 934472328 0
4000422 934472432 0
4000423 934472400 0
4000424 934472424 0
4000425 934472256 0
4000426 934472148 0
4000427 934472128 0
4000428 934472360 0
4000429 934472304 0
4000430 934472296 0
4000431 934472392 0
4000432 934472344 0
4000433 934472016 0
4000434 934472112 0
4000435 934472336 0
4000436 934472240 0
4000437 934472120 0
4000438 934472416 0
4000439 934472008 0
4000439 61217618 1
4000440 934472008 0
4000440 61217617 1
4000441 934472040 0
4000442 934472048 0
4000443 934472200 0
4000444 934472224 0
4000445 934472168 0
4000449 934472384 0
4000450 934472248 0
4000451 934472376 0
4000452 934472024 0
4000453 934471992 0
4000454 934472104 0
4000454 934472640 1
4000455 934472096 0
4000455 156186306 1
4000456 934472056 0
4000457 934472152 0
4000459 934472000 0
4000460 6994544 1
4000462 38028440 0
4000464 38028444 0
4000468 38028456 0
4000469 38028448 0
4000470 38028416 0
4000472 934472064 0
4000472 38028424 0
4000472 9898152 1
4000474 934472120 0
4000474 9912328 0
4000475 61217622 1
4000476 934472008 0
4000476 934472040 0
4000476 61217621 1
4000478 934472048 0
4000478 934472200 0
4000480 934472224 0
4000480 934472168 0
4000482 934472384 0
4000482 934472248 0
4000484 934472376 0
4000484 934472024 0
4000486 934471992 0
4000486 934472104 0
4000486 934472640 1
4000488 934472096 0
4000488 934472056 0
4000488 156186306 1
4000490 934472152 0
4000490 934472000 0
4000492 6994368 1
4000493 934472632 1
4000493 156186305 1
4000494 6716660 1
4000496 6716704 1
4000498 934472000 0
4000500 9912328 0
4000500 9898152 1
4000501 934472120 0
4000502 934472016 0
4000502 934472048 0
4000503 934472200 0
4000503 934472224 0
4000504 934472168 0
4000504 934472384 0
4000505 934472248 0
4000505 934472376 0
4000505 934472136 1
4000505 934472640 1
4000506 934472024 0
4000506 934471992 0
4000506 156186306 1
4000507 934472104 0
4000507 934472096 0
4000508 934472056 0
4000508 934472152 0
4000509 934472000 0
4000509 6995192 1
4000511 9911512 1
4000511 61320064 1
4000512 61320064 0
4000512 61320068 0
4000513 61217661 1
4000514 934472000 0
4000515 934472048 0
4000515 61217662 1
4000516 934472008 0
4000516 934472040 0
4000516 61217661 1
4000517 934472048 0
4000517 934472200 0
4000518 934472224 0
4000518 934472168 0
4000520 934472384 0
4000520 934472248 0
4000522 934472376 0
4000522 934472024 0
4000524 934471992 0
4000524 934472104 0
4000524 934472136 1
4000524 934472640 1
4000526 934472096 0
4000526 934472056 0
4000526 156186306 1
4000528 934472152 0
4000528 934472000 0
4000530 6994544 1
4000531 38028440 0
4000531 38028444 0
4000531 934472288 1
4000532 38028456 0
4000532 38028448 0
4000532 9911512 1
4000534 38028416 0
4000535 934472064 0
4000535 38028424 0
4000535 9898152 1
4000537 934472120 0
4000537 9912328 0
4000538 61217666 1
4000539 934472008 0
4000539 934472040 0
4000539 61217665 1
4000541 934472048 0
4000541 934472200 0
4000543 934472224 0
4000543 934472168 0
4000545 934472384 0
4000545 934472248 0
4000547 934472376 0
4000547 934472024 0
4000549 934471992 0
4000549 934472104 0
4000549 934472136 1
4000549 934472640 1
4000551 934472096 0
4000551 934472056 0
4000551 156186306 1
4000553 934472152 0
4000553 934472000 0
4000555 6994584 1
4000555 934472180 1
4000557 61217664 1
4000557 934472036 1
4000558 934472180 1
4000559 61217668 1
4000561 934471960 0
4000562 61217668 1
4000562 156186306 1
4000564 61217669 1
4000564 156186307 1
4000565 6719753 1
4000566 934472000 0
4000566 934472016 1
4000567 934472336 1
4000568 9912328 0
4000568 9898152 1
4000569 934472120 0
4000570 934472016 0
4000570 934472048 0
4000571 934472200 0
4000571 934472224 0
4000572 934472168 0
4000572 934472384 0
4000573 934472248 0
4000573 934472376 0
4000573 934472136 1
4000573 934472640 1
4000574 934472024 0
4000574 934471992 0
4000574 156186306 1
4000575 934472104 0
4000575 934472096 0
4000576 934472056 0
4000576 934472152 0
4000577 934472000 0
4000577 6995192 1
4000577 934472344 1
4000579 9911512 1
4000579 61320064 1
4000580 61320064 0
4000581 61320068 0
4000581 61217693 1
4000582 934472000 0
4000583 934472048 0
4000584 934472336 1
4000585 61320052 1
4000585 934472368 1
4000586 934472456 1
4000587 934472464 1
4000587 934472472 1
4000588 934472480 1
4000588 934472488 1
4000589 934472504 0
4000589 934472496 0
4000589 934472496 1
4000589 934472504 1
4000590 934472488 0
4000590 934472480 0
4000590 934472672 1
4000590 9911512 1
4000591 934472472 0
4000591 934472464 0
4000591 9914456 1
4000591 9911512 1
4000592 934472456 0
4000592 934472436 0
4000593 9914456 0
4000593 9913200 1
4000593 234380496 1
4000594 234380488 1
4000596 9911512 0
4000597 7025864 1
4000597 37821904 1
4000598 37821904 0
4000599 9914456 0
4000601 934472624 1
4000602 934472672 0
4000602 55005600 1
4000602 61320056 1
4000603 61218272 0
4000603 61320064 0
4000603 934472632 1
4000603 61320072 1
4000604 934472504 0
4000604 934472496 0
4000604 61320048 1
4000605 934472488 0
4000605 934472480 0
4000606 934472472 0
4000606 934472464 0
4000606 934472714 1
4000607 934472456 0
4000607 934471992 0
4000607 9912752 1
4000607 61216776 1
4000608 934471960 0
4000608 934472264 0
4000608 9911500 1
4000608 934472624 1
4000609 934472064 0
4000609 934472208 0
4000609 61320056 1
4000609 55005600 1
4000610 934472356 0
4000610 9912768 1
4000610 37821888 1
4000611 934472236 0
4000611 934472092 0
4000611 934472713 1
4000611 37871888 1
4000612 934472180 0
4000612 37821904 0
4000612 61320048 1
4000613 934472440 0
4000613 934471960 0
4000613 9913200 1
4000614 234380488 0
4000614 234380496 0
4000614 9911652 1
4000615 9911512 0
4000615 934472136 0
4000616 934472080 0
4000616 934472072 0
4000618 934472036 0
4000618 934472412 0
4000620 934472408 0
4000620 934472448 0
4000622 934472288 0
4000622 934472324 0
4000624 934472368 0
4000624 934472328 0
4000626 934472432 0
4000626 934472400 0
4000628 934472424 0
4000629 934472256 0
4000630 934472148 0
4000631 934472128 0
4000632 934472360 0
4000633 934472304 0
4000634 934472296 0
4000635 934472392 0
4000636 934472344 0
4000637 934472016 0
4000638 934472112 0
4000639 934472336 0
4000640 934472240 0
4000641 934472120 0
4000642 934472416 0
4000643 934472008 0
4000643 61217618 1
4000644 934472008 0
4000644 61217617 1
4000645 934472040 0
4000647 934472048 0
4000647 934472200 0
4000650 934472224 0
4000650 934472168 0
4000660 934472384 0
4000660 934472248 0
4000662 934472376 0
4000662 934472024 0
4000664 934471992 0
4000664 934472104 0
4000664 934472640 1
4000666 934472096 0
4000666 934472056 0
4000666 156186307 1
4000668 934472152 0
4000670 934472000 0
4000671 6994544 1
4000673 38028440 0
4000675 38028444 0
4000679 38028456 0
4000680 38028448 0
4000681 38028416 0
4000683 934472064 0
4000683 38028424 0
4000683 9898152 1
4000685 934472120 0
4000685 9912328 0
4000686 61217622 1
4000687 934472008 0
4000687 934472040 0
4000687 61217621 1
4000689 934472048 0
4000689 934472200 0
4000691 934472224 0
4000691 934472168 0
4000693 934472384 0
4000693 934472248 0
4000695 934472376 0
4000695 934472024 0
4000697 934471992 0
4000697 934472104 0
4000697 934472640 1
4000699 934472096 0
4000699 934472056 0
4000699 156186307 1
4000701 934472152 0
4000701 934472000 0
4000703 6994368 1
4000704 934472632 1
4000704 156186306 1
4000705 6716704 1
4000707 6716724 1
4000709 934472000 0
4000711 9912328 0
4000711 9898152 1
4000712 934472120 0
4000713 934472016 0
4000713 934472048 0
4000714 934472200 0
4000714 934472224 0
4000715 934472168 0
4000715 934472384 0
4000716 934472248 0
4000716 934472376 0
4000716 934472136 1
4000716 934472640 1
4000717 934472024 0
4000717 934471992 0
4000717 156186307 1
4000718 934472104 0
4000718 934472096 0
4000719 934472056 0
4000719 934472152 0
4000720 934472000 0
4000720 6995192 1
4000722 9911512 1
4000722 61320064 1
4000723 61320064 0
4000723 61320068 0
4000724 61217661 1
4000725 934472000 0
4000726 934472048 0
4000726 61217662 1
4000727 934472008 0
4000727 934472040 0
4000727 61217661 1
4000728 934472048 0
4000728 934472200 0
4000729 934472224 0
4000729 934472168 0
4000731 934472384 0
4000731 934472248 0
4000733 934472376 0
4000733 934472024 0
4000735 934471992 0
4000735 934472104 0
4000735 934472136 1
4000735 934472640 1
4000737 934472096 0
======
