150674774 4159837824 1
150674775 1181742256 0
150674776 4159837824 0
150674776 1181742240 1
150674777 1181742264 0
150674778 4157561376 0
150674778 1181742216 1
150674779 1776979832 0
150674779 7126280 1
150674779 7126288 1
150674781 7126296 1
150676405 1776979832 1
150676406 3506576992 0
150676406 3506577000 0
150676406 1181742216 1
150676406 1181742224 1
150676407 3506577008 0
150676407 3506577016 0
150676407 1181742232 1
150676407 1181742240 1
150676408 3506577024 0
150676408 3506577032 0
150676408 1181742248 1
150676408 1181742256 1
150676409 3506577040 0
150676409 3506577048 0
150676409 1181742264 1
150676409 1181742272 1
150676410 3506577056 0
150676410 1181742344 0
150676410 1181742280 1
150676410 1181742304 1
150676411 1181742320 0
150676411 1181742328 0
150676411 1181742288 1
150676411 1181742344 1
150676412 4159837720 0
150676412 1181742336 0
150676412 7126280 1
150676412 7126288 1
150676413 4157561376 0
150676413 1776979832 0
150676413 4159837720 1
150676413 1181742312 1
150676414 7126296 1
150676414 4157561376 1
150676416 3506864920 0
150676416 3506864928 0
150676416 1181742288 1
150676416 1181742296 1
150676417 3506864936 0
150676417 3506864944 0
150676417 1181742304 1
150676417 1181742312 1
150676418 3506864952 0
150676418 3506864960 0
150676418 1181742352 1
150676419 3506864968 0
150676419 3506864976 0
150676419 1181742416 1
150676419 1181742376 1
150676420 3506864984 0
150676420 1181742416 0
150676420 4159709176 1
150676420 1181742384 1
150676421 1181742392 0
150676421 1181742400 0
150676421 4157358264 1
150676421 1181742360 1
150676422 4159709176 0
150676422 1181742408 0
150676422 7126280 1
150676422 7126288 1
150676423 4157358264 0
150676423 1776979832 0
150676423 7126296 1
150676425 2945875192 0
150676425 2945875200 0
150676425 1181742360 1
150676425 1181742368 1
150676426 2945875208 0
150676426 2945875216 0
150676426 1181742376 1
150676426 1181742384 1
150676427 2945875224 0
150676427 2945875232 0
150676427 1181742424 1
150676428 2945875240 0
150676428 2945875248 0
150676428 1181742488 1
150676428 1181742448 1
150676429 2945875256 0
150676429 1181742488 0
150676429 4159708344 1
150676429 1181742456 1
150676430 1181742464 0
150676430 1181742472 0
150676430 1181742432 1
150676431 4159708344 0
150676431 1181742480 0
150676431 7126280 1
150676431 7126288 1
150676432 4157358264 0
150676432 1776979832 0
150676432 7126296 1
150676456 2987962504 0
150676456 2987962512 0
150676456 1181742432 1
150676456 1181742440 1
150676457 2987962520 0
150676457 2987962528 0
150676457 1181742448 1
150676457 1181742456 1
150676458 2987962536 0
150676458 2987962544 0
150676458 1181742496 1
150676459 2987962552 0
150676459 2987962560 0
150676459 1181742560 1
150676459 1181742520 1
150676460 2987962568 0
150676460 1181742560 0
150676460 4159835536 1
150676460 1181742528 1
150676461 1181742536 0
150676461 1181742544 0
150676461 1181742504 1
150676462 4159835536 0
150676462 1181742552 0
150676462 7126280 1
150676462 7126288 1
150676463 4157561376 0
150676463 1776979832 0
150676464 7126296 1
150676466 3240985912 0
150676466 3240985920 0
150676466 1181742504 1
150676466 1181742512 1
150676467 3240985928 0
150676467 3240985936 0
150676467 1181742520 1
150676467 1181742528 1
150676468 3240985944 0
150676468 3240985952 0
150676468 1181742568 1
150676469 3240985960 0
150676469 3240985968 0
150676469 1181742632 1
150676469 1181742592 1
150676470 3240985976 0
150676470 1181742632 0
150676470 4159835120 1
150676470 1181742600 1
150676471 1181742608 0
150676471 1181742616 0
150676471 1181742576 1
150676472 4159835120 0
150676472 1181742624 0
150676472 7126280 1
150676472 7126288 1
150676473 4157561376 0
150676473 1776979832 0
150676474 7126296 1
150676476 3508592488 0
150676476 3508592496 0
150676476 1181742576 1
150676476 1181742584 1
150676477 3508592504 0
150676477 1181742592 1
150677195 3508592512 0
150677195 3508592520 0
150677195 1181742600 1
150677197 3508592528 0
150677197 3508592536 0
150677199 3508592544 0
150677200 3508592552 0
150677200 1181742640 1
150677200 1181742704 1
150677201 1181742704 0
150677202 1181742680 0
150677202 1181742664 1
150677202 4159531024 1
150677203 1181742688 0
150677204 4159531024 0
150677204 1181742672 1
150677204 4157203512 1
150677205 1181742696 0
150677206 4157203512 0
150677206 1181742648 1
150677207 1776979832 0
150677207 7126280 1
150677207 7126288 1
150677209 7126296 1
150680579 1776979832 1
150680580 3244483816 0
150680580 3244483824 0
150680580 1181742648 1
150680580 1181742656 1
150680581 3244483832 0
150680581 3244483840 0
150680581 1181742664 1
150680581 1181742672 1
150680582 3244483848 0
150680582 3244483856 0
150680582 1181742680 1
150680582 1181742688 1
150680583 3244483864 0
150680583 3244483872 0
150680583 1181742696 1
150680583 1181742704 1
150680584 3244483880 0
150680584 1181742776 0
150680584 1181742712 1
150680584 1181742736 1
150680585 1181742752 0
150680585 1181742760 0
150680585 1181742720 1
150680585 1181742776 1
150680586 4159834704 0
150680586 1181742768 0
150680586 7126280 1
150680586 7126288 1
150680587 4157561376 0
150680587 1776979832 0
150680587 4159834704 1
150680587 1181742744 1
150680588 7126296 1
150680588 4157561376 1
150680589 2848010632 0
150680589 2848010640 0
150680589 1181742720 1
150680589 1181742728 1
150680590 2848010648 0
150680590 2848010656 0
150680590 1181742736 1
150680590 1181742744 1
150680591 2848010664 0
150680591 2848010672 0
150680591 1181742784 1
150680592 2848010680 0
150680592 2848010688 0
150680592 1181742848 1
150680592 1181742808 1
150680593 2848010696 0
150680593 1181742848 0
150680593 4159833144 1
150680593 1181742816 1
150680594 1181742824 0
150680594 1181742832 0
150680594 1181742792 1
150680595 4159833144 0
150680595 1181742840 0
150680595 7126280 1
150680595 7126288 1
150680596 4157561376 0
150680596 1776979832 0
150680597 7126296 1
150680599 3509456272 0
150680599 3509456280 0
150680599 1181742792 1
150680599 1181742800 1
150680600 3509456288 0
150680600 3509456296 0
150680600 1181742808 1
150680600 1181742816 1
150680601 3509456304 0
150680601 3509456312 0
150680601 1181742856 1
150680602 3509456320 0
150680602 3509456328 0
150680602 1181742920 1
150680602 1181742880 1
150680603 3509456336 0
150680603 1181742920 0
150680603 4161121600 1
150680603 1181742888 1
150680604 1181742896 0
150680604 1181742904 0
150680604 4158646824 1
150680604 1181742864 1
150680605 4161121600 0
150680605 1181742912 0
150680605 7126280 1
150680605 7126288 1
150680606 4158646824 0
150680606 1776979832 0
150680606 7126296 1
150680632 2823990424 0
150680632 2823990432 0
150680632 1181742864 1
150680632 1181742872 1
150680633 2823990440 0
150680633 2823990448 0
150680633 1181742880 1
150680633 1181742888 1
150680634 2823990456 0
150680634 2823990464 0
150680634 1181742928 1
150680635 2823990472 0
150680635 2823990480 0
150680635 1181742992 1
150680635 1181742952 1
150680636 2823990488 0
150680636 1181742992 0
150680636 4161121184 1
150680636 1181742960 1
150680637 1181742968 0
150680637 1181742976 0
150680637 1181742936 1
150680638 4161121184 0
150680638 1181742984 0
150680638 7126280 1
150680638 7126288 1
150680639 4158646824 0
150680639 1776979832 0
150680640 7126296 1
150681588 2825142424 0
150681588 2825142432 0
150681588 1181742936 1
150681588 1181742944 1
150681589 2825142440 0
150681589 2825142448 0
150681589 1181742952 1
150681589 1181742960 1
150681590 2825142456 0
150681590 2825142464 0
150681590 1181742968 1
150681590 1181742992 1
150681591 2825142472 0
150681591 2825142480 0
150681591 1181743000 1
150681591 1181743064 1
150681592 2825142488 0
150681592 1181743064 0
150681592 1181743024 1
150681592 4161120768 1
150681593 1181743040 0
150681593 1181743048 0
150681593 1181743008 1
150681594 4161120768 0
150681594 1181743056 0
150681594 7126280 1
150681594 7126288 1
150681595 4158646824 0
150681595 1776979832 0
150681595 1181743032 1
150681596 7126296 1
150681597 2826294424 0
150681597 2826294432 0
150681597 1181743008 1
150681597 1181743016 1
150681598 2826294440 0
150681598 2826294448 0
150681598 1181743024 1
150681598 1181743032 1
150681599 2826294456 0
150681599 2826294464 0
150681599 1181743072 1
150681600 2826294472 0
150681600 2826294480 0
150681600 1181743136 1
150681600 1181743096 1
150681601 2826294488 0
150681601 1181743136 0
150681601 4159707200 1
150681601 1181743104 1
150681602 1181743112 0
150681602 1181743120 0
150681602 4157358264 1
150681602 1181743080 1
150681603 4159707200 0
150681603 1181743128 0
150681603 7126280 1
150681603 7126288 1
150681604 4157358264 0
150681604 1776979832 0
150681605 7126296 1
150681606 2988538504 0
150681606 2988538512 0
150681606 1181743080 1
150681606 1181743088 1
150681607 2988538520 0
150681607 2988538528 0
150681607 1181743096 1
150681607 1181743104 1
150681608 2988538536 0
150681608 2988538544 0
150681608 1181743144 1
150681609 2988538552 0
150681609 2988538560 0
150681609 1181743208 1
150681609 1181743168 1
150681610 2988538568 0
150681610 1181743208 0
150681610 4159830024 1
150681610 1181743176 1
150681611 1181743184 0
150681611 1181743192 0
150681611 4157561376 1
150681611 1181743152 1
150681612 4159830024 0
150681612 1181743200 0
150681612 7126280 1
150681612 7126288 1
150681613 4157561376 0
150681613 1776979832 0
150681613 7126296 1
150681615 2849162632 0
150681615 2849162640 0
150681615 1181743152 1
150681615 1181743160 1
150681616 2849162648 0
150681616 2849162656 0
150681616 1181743168 1
150681616 1181743176 1
150681617 2849162664 0
150681617 2849162672 0
150681617 1181743216 1
150681618 2849162680 0
150681618 2849162688 0
150681618 1181743280 1
150681618 1181743240 1
150681619 2849162696 0
150681619 1181743280 0
150681619 4161119520 1
150681619 1181743248 1
150681620 1181743256 0
150681620 1181743264 0
150681620 1181743224 1
150681621 4161119520 0
150681621 1181743272 0
150681621 7126280 1
150681621 7126288 1
150681622 4158646824 0
150681622 1776979832 0
150681622 7126296 1
150681624 2829750424 0
150681624 2829750432 0
150681624 1181743224 1
150681624 1181743232 1
150681625 2829750440 0
150681625 1181743240 1
150682636 2829750448 0
150682636 2829750456 0
150682636 1181743248 1
150682638 2829750464 0
150682638 2829750472 0
150682640 2829750480 0
150682641 2829750488 0
150682641 1181743288 1
150682641 1181743352 1
150682642 1181743352 0
150682643 1181743328 0
150682643 1181743312 1
150682643 4161119104 1
150682644 1181743336 0
150682645 4161119104 0
150682645 1181743320 1
150682646 1181743344 0
150682647 4158646824 0
150682647 1181743296 1
150682648 1776979832 0
150682648 7126280 1
150682648 7126288 1
150682650 2830902424 0
150682650 7126296 1
150682650 1181743296 1
150682651 2830902432 0
150682651 2830902440 0
150682651 1181743304 1
150682651 1181743312 1
150682656 2830902448 0
150682656 2830902456 0
150682656 1181743320 1
150682658 2830902464 0
150682658 2830902472 0
150682660 2830902480 0
150682661 2830902488 0
150682661 1181743360 1
150682661 1181743424 1
150682662 1181743424 0
150682663 1181743400 0
150682663 1181743384 1
150682663 4159827632 1
150682664 1181743408 0
150682665 4159827632 0
150682665 1181743392 1
150682666 1181743416 0
150682667 4157561376 0
150682667 1181743368 1
150682668 1776979832 0
150682668 7126280 1
150682668 7126288 1
150682670 3019028992 0
150682670 7126296 1
150682670 1181743368 1
150682671 3019029000 0
150682671 3019029008 0
150682671 1181743376 1
150682671 1181743384 1
150682672 3019029016 0
150682672 1181743392 1
150682673 3019029024 0
150682674 3019029032 0
150682675 3019029040 0
150682676 3019029048 0
150682677 3019029056 0
150682677 1181743432 1
150682677 1181743496 1
150682678 1181743496 0
150682679 1181743472 0
150682679 1181743456 1
150682679 4159827320 1
150682680 1181743480 0
150682681 4159827320 0
150682681 1181743464 1
150682682 1181743488 0
150682683 4157561376 0
150682683 1181743440 1
150682684 1776979832 0
150682684 7126280 1
150682684 7126288 1
150682685 7126296 1
150682686 2849450632 0
150682686 1181743440 1
150682687 2849450640 0
150682687 2849450648 0
150682687 1181743448 1
150682687 1181743456 1
150683721 2849450656 0
150683721 2849450664 0
150683721 1181743464 1
150683723 2849450672 0
150683723 2849450680 0
150683725 2849450688 0
150683726 2849450696 0
150683726 1181743504 1
150683726 1181743568 1
150683727 1181743568 0
150683728 1181743544 0
150683728 1181743528 1
150683728 4161117856 1
150683729 1181743552 0
150683730 4161117856 0
150683730 1181743536 1
150683731 1181743560 0
150683732 4158646824 0
150683732 1181743512 1
150683733 1776979832 0
150683733 7126280 1
150683733 7126288 1
150683735 2834358424 0
150683735 7126296 1
150683735 1181743512 1
150683736 2834358432 0
150683736 2834358440 0
150683736 1181743520 1
150683736 1181743528 1
150683737 2834358448 0
150683737 1181743536 1
150683738 2834358456 0
150683739 2834358464 0
150683740 2834358472 0
150683741 2834358480 0
150683742 2834358488 0
150683742 1181743576 1
150683742 1181743640 1
150683743 1181743640 0
150683744 1181743616 0
150683744 1181743600 1
150683744 4159528320 1
150683745 1181743624 0
150683746 4159528320 0
150683746 1181743608 1
150683746 4157203512 1
150683747 1181743632 0
150683748 4157203512 0
150683748 1181743584 1
150683749 1776979832 0
150683749 7126280 1
150683749 7126288 1
150683751 7126296 1
150685913 3245347600 0
150685913 3245347608 0
150685913 1181743584 1
150685913 1181743592 1
150685914 3245347616 0
150685914 3245347624 0
150685914 1181743600 1
150685914 1181743608 1
150685915 3245347632 0
150685915 3245347640 0
150685915 1181743648 1
150685916 3245347648 0
150685916 3245347656 0
150685916 1181743712 1
150685916 1181743672 1
150685917 3245347664 0
150685917 1181743712 0
150685917 4161117024 1
150685917 1181743680 1
150685918 1181743688 0
150685918 1181743696 0
150685918 1181743656 1
150685919 4161117024 0
150685919 1181743704 0
150685919 7126280 1
150685919 7126288 1
150685920 4158646824 0
150685920 1776979832 0
150685921 7126296 1
150689960 2836662424 0
150665949 1181741312 0
150665949 1181741296 1
150665949 4159843128 1
150665950 1181741320 0
150665951 4159843128 0
150665951 1181741304 1
150665952 1181741328 0
150665953 4157561376 0
150665953 1181741280 1
150665954 1776979832 0
150665954 7126280 1
150665954 7126288 1
150665956 3044725936 0
150665956 7126296 1
150665956 1181741280 1
150665957 3044725944 0
150665957 3044725952 0
150665957 1181741288 1
150665957 1181741296 1
150666952 3044725960 0
150666952 3044725968 0
150666952 1181741304 1
150666954 3044725976 0
150666954 3044725984 0
150666956 3044725992 0
150666959 3044726000 0
150666959 1181741344 1
150666959 1181741408 1
150666960 1181741408 0
150666961 1181741384 0
150666961 1181741368 1
150666961 4161130544 1
150666962 1181741392 0
150666963 4161130544 0
150666963 1181741376 1
150666963 4158646824 1
150666964 1181741400 0
150666965 4158646824 0
150666965 1181741352 1
150666966 1776979832 0
150666966 7126280 1
150666966 7126288 1
150666967 7126296 1
150667369 2799798424 0
150667369 1181741352 1
150667380 2799798432 0
150667380 2799798440 0
150667380 1181741360 1
150667380 1181741368 1
150667382 2799798448 0
150667382 2799798456 0
150667382 1181741376 1
150667384 2799798464 0
150667384 2799798472 0
150667386 2799798480 0
150667386 2799798488 0
150667386 1181741416 1
150667386 1181741480 1
150667388 1181741480 0
150667388 1181741456 0
150667388 1181741440 1
150667388 4159842088 1
150667390 1181741464 0
150667390 4159842088 0
150667390 1181741448 1
150667392 1181741472 0
150667392 4157561376 0
150667392 1181741424 1
150667394 1776979832 0
150667394 7126280 1
150667394 7126288 1
150667395 7126296 1
150667396 2950749232 0
150667396 1181741424 1
150667397 2950749240 0
150667397 2950749248 0
150667397 1181741432 1
150667397 1181741440 1
150668913 2950749256 0
150668913 2950749264 0
150668913 1181741448 1
150668915 2950749272 0
150668915 2950749280 0
150668917 2950749288 0
150668924 2950749296 0
150668924 1181741488 1
150668924 1181741552 1
150668925 1181741552 0
150668926 1181741528 0
150668926 1181741512 1
150668926 4159710840 1
150668927 1181741536 0
150668928 4159710840 0
150668928 1181741520 1
150668929 1181741544 0
150668930 4157358264 0
150668930 1181741496 1
150668931 1776979832 0
150668931 7126280 1
150668931 7126288 1
150668932 7126296 1
150668933 2899560400 0
150668933 1181741496 1
150668934 2899560408 0
150668934 2899560416 0
150668934 1181741504 1
150668934 1181741512 1
150669628 2899560424 0
150669628 2899560432 0
150669628 1181741520 1
150669630 2899560440 0
150669630 2899560448 0
150669632 2899560456 0
150669633 2899560464 0
150669633 1181741560 1
150669633 1181741624 1
150669634 1181741624 0
150669635 1181741600 0
150669635 1181741584 1
150669635 4159841360 1
150669636 1181741608 0
150669637 4159841360 0
150669637 1181741592 1
150669638 1181741616 0
150669639 4157561376 0
150669639 1181741568 1
150669640 1776979832 0
150669640 7126280 1
150669640 7126288 1
150669642 7126296 1
150672005 1776979832 1
150672006 3502258072 0
150672006 3502258080 0
150672006 1181741568 1
150672006 1181741576 1
150672007 3502258088 0
150672007 3502258096 0
150672007 1181741584 1
150672007 1181741592 1
150672008 3502258104 0
150672008 3502258112 0
150672008 1181741600 1
150672008 1181741608 1
150672009 3502258120 0
150672009 3502258128 0
150672009 1181741616 1
150672009 1181741624 1
150672010 3502258136 0
150672010 1181741696 0
150672010 1181741632 1
150672010 1181741656 1
150672011 1181741672 0
150672011 1181741680 0
150672011 1181741640 1
150672011 1181741696 1
150672012 4159840840 0
150672012 1181741688 0
150672012 7126280 1
150672012 7126288 1
150672013 4157561376 0
150672013 1776979832 0
150672013 4159840840 1
150672013 1181741664 1
150672014 7126296 1
150672014 4157561376 1
150672015 2847146632 0
150672015 2847146640 0
150672015 1181741640 1
150672015 1181741648 1
150672016 2847146648 0
150672016 2847146656 0
150672016 1181741656 1
150672016 1181741664 1
150672017 2847146664 0
150672017 2847146672 0
150672017 1181741704 1
150672018 2847146680 0
150672018 2847146688 0
150672018 1181741768 1
150672018 1181741728 1
150672019 2847146696 0
150672019 1181741768 0
150672019 4159840424 1
150672019 1181741736 1
150672020 1181741744 0
150672020 1181741752 0
150672020 1181741712 1
150672021 4159840424 0
150672021 1181741760 0
150672021 7126280 1
150672021 7126288 1
150672022 4157561376 0
150672022 1776979832 0
150672023 7126296 1
150672047 3503121856 0
150672047 3503121864 0
150672047 1181741712 1
150672047 1181741720 1
150672048 3503121872 0
150672048 3503121880 0
150672048 1181741728 1
150672048 1181741736 1
150672049 3503121888 0
150672049 3503121896 0
150672049 1181741776 1
150672050 3503121904 0
150672050 3503121912 0
150672050 1181741840 1
150672050 1181741800 1
150672051 3503121920 0
150672051 1181741840 0
150672051 4159840216 1
150672051 1181741808 1
150672052 1181741816 0
150672052 1181741824 0
150672052 1181741784 1
150672053 4159840216 0
150672053 1181741832 0
150672053 7126280 1
150672053 7126288 1
150672054 4157561376 0
150672054 1776979832 0
150672055 7126296 1
150672056 2847434632 0
150672056 2847434640 0
150672056 1181741784 1
150672056 1181741792 1
150672057 2847434648 0
150672057 2847434656 0
150672057 1181741800 1
150672057 1181741808 1
150672058 2847434664 0
150672058 2847434672 0
150672058 1181741848 1
150672059 2847434680 0
150672059 2847434688 0
150672059 1181741912 1
150672059 1181741872 1
150672060 2847434696 0
150672060 1181741912 0
150672060 4159316992 1
150672060 1181741880 1
150672061 1181741888 0
150672061 1181741896 0
150672061 4156810600 1
150672061 1181741856 1
150672062 4159316992 0
150672062 1181741904 0
150672062 7126280 1
150672062 7126288 1
150672063 4156810600 0
150672063 1776979832 0
150672064 7126296 1
150672232 3108646168 0
150672232 3108646176 0
150672232 1181741856 1
150672232 1181741864 1
150672233 3108646184 0
150672233 3108646192 0
150672233 1181741872 1
150672233 1181741880 1
150672234 3108646200 0
150672234 3108646208 0
150672234 1181741920 1
150672235 3108646216 0
150672235 3108646224 0
150672235 1181741984 1
150672235 1181741944 1
150672236 3108646232 0
150672236 1181741984 0
150672236 4159839384 1
150672236 1181741952 1
150672237 1181741960 0
150672237 1181741968 0
150672237 1181741928 1
150672238 4159839384 0
150672238 1181741976 0
150672238 7126280 1
150672238 7126288 1
150672239 4157561376 0
150672239 1776979832 0
150672240 7126296 1
150672264 3504561496 0
150672264 3504561504 0
150672264 1181741928 1
150672264 1181741936 1
150672265 3504561512 0
150672265 1181741944 1
150672381 3504561520 0
150672381 3504561528 0
150672381 1181741952 1
150672383 3504561536 0
150672383 3504561544 0
150672385 3504561552 0
150672386 3504561560 0
150672386 1181741992 1
150672386 1181742056 1
150672387 1181742056 0
150672388 1181742032 0
150672388 1181742016 1
150672388 4159839072 1
150672389 1181742040 0
150672390 4159839072 0
150672390 1181742024 1
150672391 1181742048 0
150672392 4157561376 0
150672392 1181742000 1
150672393 1776979832 0
150672393 7126280 1
150672393 7126288 1
150672395 7126296 1
150674439 3504849424 0
150674439 3504849432 0
150674439 1181742000 1
150674439 1181742008 1
150674440 3504849440 0
150674440 3504849448 0
150674440 1181742016 1
150674440 1181742024 1
150674441 3504849456 0
150674441 3504849464 0
150674441 1181742064 1
150674442 3504849472 0
150674442 3504849480 0
150674442 1181742128 1
150674442 1181742088 1
150674443 3504849488 0
150674443 1181742128 0
150674443 4159709800 1
150674443 1181742096 1
150674444 1181742104 0
150674444 1181742112 0
150674444 4157358264 1
150674444 1181742072 1
150674445 4159709800 0
150674445 1181742120 0
150674445 7126280 1
150674445 7126288 1
150674446 4157358264 0
150674446 1776979832 0
150674447 7126296 1
150674448 2901288400 0
150674448 2901288408 0
150674448 1181742072 1
150674448 1181742080 1
150674449 2901288416 0
150674449 2901288424 0
150674449 1181742088 1
150674449 1181742096 1
150674450 2901288432 0
150674450 2901288440 0
150674450 1181742136 1
150674451 2901288448 0
150674451 2901288456 0
150674451 1181742200 1
150674451 1181742160 1
150674452 2901288464 0
150674452 1181742200 0
150674452 4159838240 1
150674452 1181742168 1
150674453 1181742176 0
150674453 1181742184 0
150674453 1181742144 1
150674454 4159838240 0
150674454 1181742192 0
150674454 7126280 1
150674454 7126288 1
150674455 4157561376 0
150674455 1776979832 0
150674456 7126296 1
150674458 3506001136 0
150674458 3506001144 0
150674458 1181742144 1
150674458 1181742152 1
150674459 3506001152 0
150674459 1181742160 1
150674767 3506001160 0
150674767 3506001168 0
150674767 1181742168 1
150674769 3506001176 0
150674769 3506001184 0
150674771 3506001192 0
150674772 3506001200 0
150674772 1181742208 1
150674772 1181742272 1
150674773 1181742272 0
150674774 1181742248 0
150674774 1181742232 1
======
326869129 4160148888 0
326869129 1210810464 0
326869129 7126280 1
326869129 7126288 1
326869130 4157627520 0
326869130 1776979832 0
326869131 7126296 1
326869133 3320166760 0
326869133 3320166768 0
326869133 1210810416 1
326869133 1210810424 1
326869134 3320166776 0
326869134 3320166784 0
326869134 1210810432 1
326869134 1210810440 1
326869135 3320166792 0
326869135 3320166800 0
326869135 1210810480 1
326869136 3320166808 0
326869136 3320166816 0
326869136 1210810544 1
326869136 1210810504 1
326869137 3320166824 0
326869137 1210810544 0
326869137 4160148576 1
326869137 1210810512 1
326869138 1210810520 0
326869138 1210810528 0
326869138 1210810488 1
326869139 4160148576 0
326869139 1210810536 0
326869139 7126280 1
326869139 7126288 1
326869140 4157627520 0
326869140 1776979832 0
326869141 7126296 1
326869143 3323193640 0
326869143 3323193648 0
326869143 1210810488 1
326869143 1210810496 1
326869144 3323193656 0
326869144 3323193664 0
326869144 1210810504 1
326869144 1210810512 1
326869145 3323193672 0
326869145 3323193680 0
326869145 1210810552 1
326869146 3323193688 0
326869146 3323193696 0
326869146 1210810616 1
326869146 1210810576 1
326869147 3323193704 0
326869147 1210810616 0
326869147 4159430872 1
326869147 1210810584 1
326869148 1210810592 0
326869148 1210810600 0
326869148 4157023488 1
326869148 1210810560 1
326869149 4159430872 0
326869149 1210810608 0
326869149 7126280 1
326869149 7126288 1
326869150 4157023488 0
326869150 1776979832 0
326869151 7126296 1
326869153 3110238160 0
326869153 3110238168 0
326869153 1210810560 1
326869153 1210810568 1
326869154 3110238176 0
326869154 3110238184 0
326869154 1210810576 1
326869154 1210810584 1
326869155 3110238192 0
326869155 3110238200 0
326869156 3110238208 0
326869156 3110238216 0
326869257 3110238224 0
326869257 1210810624 1
326869257 1210810688 1
326869258 1210810688 0
326869259 1210810664 0
326869259 1210810648 1
326869259 4160147536 1
326869260 1210810672 0
326869261 4160147536 0
326869261 1210810656 1
326869262 1210810680 0
326869263 4157627520 0
326869263 1210810632 1
326869264 1776979832 0
326869264 7126280 1
326869264 7126288 1
326869265 7126296 1
326871019 1776979832 1
326871020 2793348736 0
326871020 2793348744 0
326871020 1210810632 1
326871020 1210810640 1
326871021 2793348752 0
326871021 2793348760 0
326871021 1210810648 1
326871021 1210810656 1
326871022 2793348768 0
326871022 2793348776 0
326871022 1210810664 1
326871022 1210810672 1
326871023 2793348784 0
326871023 2793348792 0
326871023 1210810680 1
326871023 1210810688 1
326871024 2793348800 0
326871024 1210810760 0
326871024 1210810728 1
326871024 4157388632 1
326871025 1210810736 0
326871025 1210810744 0
326871025 1210810704 1
326871025 1210810696 1
326871026 4159662272 0
326871026 1210810752 0
326871026 7126280 1
326871026 7126288 1
326871027 4157388632 0
326871027 1776979832 0
326871027 1210810760 1
326871027 1210810720 1
326871028 7126296 1
326871028 4159662272 1
326872132 3050725696 0
326872132 3050725704 0
326872132 1210810704 1
326872132 1210810712 1
326872133 3050725712 0
326872133 3050725720 0
326872133 1210810720 1
326872133 1210810728 1
326872134 3050725728 0
326872134 3050725736 0
326872134 1210810736 1
326872134 1210810760 1
326872135 3050725744 0
326872135 3050725752 0
326872135 1210810768 1
326872135 1210810832 1
326872136 3050725760 0
326872136 1210810832 0
326872136 1210810792 1
326872136 4159662064 1
326872137 1210810808 0
326872137 1210810816 0
326872138 4159662064 0
326874828 1210810824 0
326853197 3645120712 0
326853197 1210808344 1
326853197 1210808352 1
326853198 3645120720 0
326853199 3645120728 0
326853200 3645120736 0
326853201 3645120744 0
326853202 3645120752 0
326853202 1210808392 1
326853202 1210808456 1
326853203 1210808456 0
326853204 1210808432 0
326853204 1210808416 1
326853204 4160162408 1
326853205 1210808440 0
326853206 4160162408 0
326853206 1210808424 1
326853207 1210808448 0
326853208 4157627520 0
326853208 1210808400 1
326853209 1776979832 0
326853209 7126280 1
326853209 7126288 1
326853210 7126296 1
326853212 3312540304 0
326853212 3312540312 0
326853212 1210808400 1
326853212 1210808408 1
326853213 3312540320 0
326853213 1210808416 1
326853305 3312540328 0
326853305 3312540336 0
326853305 1210808424 1
326855374 3312540344 0
326855374 3312540352 0
326855376 3312540360 0
326855386 3312540368 0
326855386 1210808464 1
326855386 1210808528 1
326855387 1210808528 0
326855388 1210808504 0
326855388 1210808488 1
326855388 4160161784 1
326855389 1210808512 0
326855390 4160161784 0
326855390 1210808496 1
326855391 1210808520 0
326855392 4157627520 0
326855392 1210808472 1
326855393 1776979832 0
326855393 7126280 1
326855393 7126288 1
326855394 7126296 1
326855396 3313116160 0
326855396 3313116168 0
326855396 1210808472 1
326855396 1210808480 1
326855397 3313116176 0
326855397 1210808488 1
326855409 3313116184 0
326855409 3313116192 0
326855409 1210808496 1
326855411 3313116200 0
326855411 3313116208 0
326855413 3313116216 0
326855414 3313116224 0
326855414 1210808536 1
326855414 1210808600 1
326855415 1210808600 0
326855416 1210808576 0
326855416 1210808560 1
326855416 4160161368 1
326855417 1210808584 0
326855418 4160161368 0
326855418 1210808568 1
326855419 1210808592 0
326855420 4157627520 0
326855420 1210808544 1
326855421 1776979832 0
326855421 7126280 1
326855421 7126288 1
326855422 7126296 1
326855424 3392612296 0
326855424 3392612304 0
326855424 1210808544 1
326855424 1210808552 1
326855425 3392612312 0
326855425 1210808560 1
326855952 3392612320 0
326855952 3392612328 0
326855952 1210808568 1
326855954 3392612336 0
326855954 3392612344 0
326855956 3392612352 0
326855957 3392612360 0
326855957 1210808608 1
326855957 1210808672 1
326855958 1210808672 0
326855959 1210808648 0
326855959 1210808632 1
326855959 4160160952 1
326855960 1210808656 0
326855961 4160160952 0
326855961 1210808640 1
326855962 1210808664 0
326855963 4157627520 0
326855963 1210808616 1
326855964 1776979832 0
326855964 7126280 1
326855964 7126288 1
326855966 7126296 1
326855967 3313979944 0
326855967 3313979952 0
326855967 1210808616 1
326855967 1210808624 1
326855968 3313979960 0
326855968 3313979968 0
326855968 1210808632 1
326855968 1210808640 1
326855969 3313979976 0
326855970 3313979984 0
326855971 3313979992 0
326855972 3313980000 0
326855973 3313980008 0
326855973 1210808680 1
326855973 1210808744 1
326855974 1210808744 0
326855975 1210808720 0
326855975 1210808704 1
326855975 4160160536 1
326855976 1210808728 0
326855977 4160160536 0
326855977 1210808712 1
326855978 1210808736 0
326855979 4157627520 0
326855979 1210808688 1
326855980 1776979832 0
326855980 7126280 1
326855980 7126288 1
326855982 7126296 1
326855983 3314555800 0
326855983 3314555808 0
326855983 1210808688 1
326855983 1210808696 1
326855984 3314555816 0
326855984 3314555824 0
326855984 1210808704 1
326855984 1210808712 1
326855985 3314555832 0
326855986 3314555840 0
326855987 3314555848 0
326855988 3314555856 0
326855989 3314555864 0
326855989 1210808752 1
326855989 1210808816 1
326855990 1210808816 0
326855991 1210808792 0
326855991 1210808776 1
326855991 4160160016 1
326855992 1210808800 0
326855993 4160160016 0
326855993 1210808784 1
326855994 1210808808 0
326855995 4157627520 0
326855995 1210808760 1
326855996 1776979832 0
326855996 7126280 1
326855996 7126288 1
326855998 7126296 1
326855999 3316711624 0
326855999 3316711632 0
326855999 1210808760 1
326855999 1210808768 1
326856000 3316711640 0
326856000 3316711648 0
326856000 1210808776 1
326856000 1210808784 1
326856001 3316711656 0
326856002 3316711664 0
326856003 3316711672 0
326856004 3316711680 0
326856005 3316711688 0
326856005 1210808824 1
326856005 1210808888 1
326856006 1210808888 0
326856007 1210808864 0
326856007 1210808848 1
326856007 4160159496 1
326856008 1210808872 0
326856009 4160159496 0
326856009 1210808856 1
326856010 1210808880 0
326856011 4157627520 0
326856011 1210808832 1
326856012 1776979832 0
326856012 7126280 1
326856012 7126288 1
326856013 7126296 1
326856015 3316999552 0
326856015 3316999560 0
326856015 1210808832 1
326856015 1210808840 1
326856016 3316999568 0
326856016 3316999576 0
326856016 1210808848 1
326856016 1210808856 1
326856017 3316999584 0
326856018 3316999592 0
326856019 3316999600 0
326856020 3316999608 0
326858202 3316999616 0
326858202 1210808896 1
326858202 1210808960 1
326858203 1210808960 0
326858204 1210808936 0
326858204 1210808920 1
326858204 4159665080 1
326858205 1210808944 0
326858206 4159665080 0
326858206 1210808928 1
326858206 4157388632 1
326858207 1210808952 0
326858208 4157388632 0
326858208 1210808904 1
326858209 1776979832 0
326858209 7126280 1
326858209 7126288 1
326858210 7126296 1
326858212 3137818552 0
326858212 3137818560 0
326858212 1210808904 1
326858212 1210808912 1
326858213 3137818568 0
326858213 1210808920 1
326858229 3137818576 0
326858229 3137818584 0
326858229 1210808928 1
326858231 3137818592 0
326858231 3137818600 0
326858233 3137818608 0
326858234 3137818616 0
326858234 1210808968 1
326858234 1210809032 1
326858235 1210809032 0
326858236 1210809008 0
326858236 1210808992 1
326858236 4160159184 1
326858237 1210809016 0
326858238 4160159184 0
326858238 1210809000 1
326858239 1210809024 0
326858240 4157627520 0
326858240 1210808976 1
326858241 1776979832 0
326858241 7126280 1
326858241 7126288 1
326858242 7126296 1
326858244 3317575408 0
326858244 3317575416 0
326858244 1210808976 1
326858244 1210808984 1
326858245 3317575424 0
326858245 3317575432 0
326858245 1210808992 1
326858245 1210809000 1
326858246 3317575440 0
326858247 3317575448 0
326858248 3317575456 0
326858249 3317575464 0
326858250 3317575472 0
326858250 1210809040 1
326858250 1210809104 1
326858251 1210809104 0
326858252 1210809080 0
326858252 1210809064 1
326858252 4159216632 1
326858253 1210809088 0
326858254 4159216632 0
326858254 1210809072 1
326858254 4156825576 1
326858255 1210809096 0
326858256 4156825576 0
326858256 1210809048 1
326858257 1776979832 0
326858257 7126280 1
326858257 7126288 1
326858259 7126296 1
326858260 3065895160 0
326858260 3065895168 0
326858260 1210809048 1
326858260 1210809056 1
326858261 3065895176 0
326858261 1210809064 1
326858507 3065895184 0
326858507 3065895192 0
326858507 1210809072 1
326858509 3065895200 0
326858509 3065895208 0
326858511 3065895216 0
326858512 3065895224 0
326858512 1210809112 1
326858512 1210809176 1
326858513 1210809176 0
326858514 1210809152 0
326858514 1210809136 1
326858514 4159590304 1
326858515 1210809160 0
326858516 4159590304 0
326858516 1210809144 1
326858516 4157228056 1
326858517 1210809168 0
326858518 4157228056 0
326858518 1210809120 1
326858519 1776979832 0
326858519 7126280 1
326858519 7126288 1
326858521 7126296 1
326861183 2856793048 0
326861183 2856793056 0
326861183 1210809120 1
326861183 1210809128 1
326861184 2856793064 0
326861184 2856793072 0
326861184 1210809136 1
326861184 1210809144 1
326861185 2856793080 0
326861185 2856793088 0
326861185 1210809184 1
326861186 2856793096 0
326861186 2856793104 0
326861186 1210809248 1
326861186 1210809208 1
326861187 2856793112 0
326861187 1210809248 0
326861187 4160157104 1
326861187 1210809216 1
326861188 1210809224 0
326861188 1210809232 0
326861188 4157627520 1
326861188 1210809192 1
326861189 4160157104 0
326861189 1210809240 0
326861189 7126280 1
326861189 7126288 1
326861190 4157627520 0
326861190 1776979832 0
326861191 7126296 1
326861193 3318439192 0
326861193 3318439200 0
326861193 1210809192 1
326861193 1210809200 1
326861194 3318439208 0
326861194 3318439216 0
326861194 1210809208 1
326861194 1210809216 1
326861195 3318439224 0
326861195 3318439232 0
326861195 1210809256 1
326861196 3318439240 0
326861196 3318439248 0
326861196 1210809320 1
326861196 1210809280 1
326861197 3318439256 0
326861197 1210809320 0
326861197 1210809288 1
326861197 4160156272 1
326861198 1210809296 0
326861198 1210809304 0
326861198 1210809264 1
326861199 4160156272 0
326861199 1210809312 0
326861199 7126280 1
326861199 7126288 1
326861200 4157627520 0
326861200 1776979832 0
326861201 7126296 1
326861203 3318727120 0
326861203 3318727128 0
326861203 1210809264 1
326861203 1210809272 1
326861204 3318727136 0
326861204 3318727144 0
326861204 1210809280 1
326861204 1210809288 1
326861205 3318727152 0
326861205 3318727160 0
326861205 1210809328 1
326861206 3318727168 0
326861206 3318727176 0
326861206 1210809392 1
326861206 1210809352 1
326861207 3318727184 0
326861207 1210809392 0
326861207 4159433056 1
326861207 1210809360 1
326861208 1210809368 0
326861208 1210809376 0
326861208 4157023488 1
326861208 1210809336 1
326861209 4159433056 0
326861209 1210809384 0
326861209 7126280 1
326861209 7126288 1
326861210 4157023488 0
326861210 1776979832 0
326861211 7126296 1
326861213 3109662304 0
326861213 3109662312 0
326861213 1210809336 1
326861213 1210809344 1
326861214 3109662320 0
326861214 3109662328 0
326861214 1210809352 1
326861214 1210809360 1
326861215 3109662336 0
326861215 3109662344 0
326861215 1210809400 1
326861216 3109662352 0
326861216 3109662360 0
326861216 1210809464 1
326861216 1210809424 1
326861217 3109662368 0
326861217 1210809464 0
326861217 4159664352 1
326861218 1210809440 0
326861219 1210809448 0
326861220 4159664352 0
326861220 1210809432 1
326861220 4157388632 1
326861221 1210809456 0
326861222 4157388632 0
326861222 1210809408 1
326861223 1776979832 0
326861223 7126280 1
326861223 7126288 1
326861225 7126296 1
326861226 3645984472 0
326861226 3645984480 0
326861226 1210809408 1
326861226 1210809416 1
326861227 3645984488 0
326861227 1210809424 1
326861631 3645984496 0
326861631 3645984504 0
326861631 1210809432 1
326861633 3645984512 0
326861633 3645984520 0
326861635 3645984528 0
326861636 3645984536 0
326861636 1210809472 1
326861636 1210809536 1
326861637 1210809536 0
326861638 1210809512 0
326861638 1210809496 1
326861638 4160154816 1
326861639 1210809520 0
326861640 4160154816 0
326861640 1210809504 1
326861641 1210809528 0
326861642 4157627520 0
326861642 1210809480 1
326861643 1776979832 0
326861643 7126280 1
326861643 7126288 1
326861644 7126296 1
326861646 3317723008 0
326861646 3317723016 0
326861646 1210809480 1
326861646 1210809488 1
326861647 3317723024 0
326861647 1210809496 1
326862542 3317723032 0
326862542 3317723040 0
326862542 1210809504 1
326862544 3317723048 0
326862544 3317723056 0
326862546 3317723064 0
326862547 3317723072 0
326862547 1210809544 1
326862547 1210809608 1
326862548 1210809608 0
326862549 1210809584 0
326862549 1210809568 1
326862549 4159664248 1
326862550 1210809592 0
326862551 4159664248 0
326862551 1210809576 1
326862552 1210809600 0
326862553 4157388632 0
326862553 1210809552 1
326862554 1776979832 0
326862554 7126280 1
326862554 7126288 1
326862555 7126296 1
326862557 3555283120 0
326862557 3555283128 0
326862557 1210809552 1
326862557 1210809560 1
326862558 3555283136 0
326862558 3555283144 0
326862558 1210809568 1
326862558 1210809576 1
326862559 3555283152 0
326862560 3555283160 0
326862561 3555283168 0
326862562 3555283176 0
326862563 3555283184 0
326862563 1210809616 1
326862563 1210809680 1
326862564 1210809680 0
326862565 1210809656 0
326862565 1210809640 1
326862565 4159664040 1
326862566 1210809664 0
326862567 4159664040 0
326862567 1210809648 1
326862568 1210809672 0
326862569 4157388632 0
326862569 1210809624 1
326862570 1776979832 0
326862570 7126280 1
326862570 7126288 1
326862572 7126296 1
326862573 3438754000 0
326862573 3438754008 0
326862573 1210809624 1
326862573 1210809632 1
326862574 3438754016 0
326862574 1210809640 1
326862909 3438754024 0
326862909 3438754032 0
326862909 1210809648 1
326862911 3438754040 0
326862911 3438754048 0
326862913 3438754056 0
326862914 3438754064 0
326862914 1210809688 1
326862914 1210809752 1
326862915 1210809752 0
326862916 1210809728 0
326862916 1210809712 1
326862916 4160153672 1
326862917 1210809736 0
326862918 4160153672 0
326862918 1210809720 1
326862919 1210809744 0
326862920 4157627520 0
326862920 1210809696 1
326862921 1776979832 0
326862921 7126280 1
326862921 7126288 1
326862923 7126296 1
326862924 3318874720 0
326862924 3318874728 0
326862924 1210809696 1
326862924 1210809704 1
326862925 3318874736 0
326862925 3318874744 0
326862925 1210809712 1
326862925 1210809720 1
326862926 3318874752 0
326862927 3318874760 0
326862928 3318874768 0
326862929 3318874776 0
326862930 3318874784 0
326862930 1210809760 1
326862930 1210809824 1
326862931 1210809824 0
326862932 1210809800 0
326862932 1210809784 1
326862932 4160153360 1
326862933 1210809808 0
326862934 4160153360 0
326862934 1210809792 1
326862935 1210809816 0
326862936 4157627520 0
326862936 1210809768 1
326862937 1776979832 0
326862937 7126280 1
326862937 7126288 1
326862939 7126296 1
326862940 3378544360 0
326862940 3378544368 0
326862940 1210809768 1
326862940 1210809776 1
326862941 3378544376 0
326862941 1210809784 1
326863992 3378544384 0
326863992 3378544392 0
326863992 1210809792 1
326863994 3378544400 0
326863994 3378544408 0
326863996 3378544416 0
326863997 3378544424 0
326863997 1210809832 1
326863997 1210809896 1
326863998 1210809896 0
326863999 1210809872 0
326863999 1210809856 1
326863999 4160152424 1
326864000 1210809880 0
326864001 4160152424 0
326864001 1210809864 1
326864002 1210809888 0
326864003 4157627520 0
326864003 1210809840 1
326864004 1776979832 0
326864004 7126280 1
326864004 7126288 1
326864006 7126296 1
326864007 3319738504 0
326864007 3319738512 0
326864007 1210809840 1
326864007 1210809848 1
326864008 3319738520 0
326864008 3319738528 0
326864008 1210809856 1
326864008 1210809864 1
326864009 3319738536 0
326864010 3319738544 0
326864011 3319738552 0
326864012 3319738560 0
326864013 3319738568 0
326864013 1210809904 1
326864013 1210809968 1
326864014 1210809968 0
326864015 1210809944 0
326864015 1210809928 1
326864015 4159589472 1
326864016 1210809952 0
326864017 4159589472 0
326864017 1210809936 1
326864017 4157228056 1
326864018 1210809960 0
326864019 4157228056 0
326864019 1210809912 1
326864020 1776979832 0
326864020 7126280 1
326864020 7126288 1
326864022 7126296 1
326864023 3174688600 0
326864023 1210809912 1
326864952 3174688608 0
326864952 3174688616 0
326864952 1210809920 1
326864952 1210809928 1
326865271 3174688624 0
326865271 3174688632 0
326865271 1210809936 1
326865273 3174688640 0
326865273 3174688648 0
326865275 3174688656 0
326865276 3174688664 0
326865276 1210809976 1
326865276 1210810040 1
326865277 1210810040 0
326865278 1210810016 0
326865278 1210810000 1
326865278 4159216424 1
326865279 1210810024 0
326865280 4159216424 0
326865280 1210810008 1
326865280 4156825576 1
326865281 1210810032 0
326865282 4156825576 0
326865282 1210809984 1
326865283 1776979832 0
326865283 7126280 1
326865283 7126288 1
326865285 7126296 1
326865286 3066183088 0
326865286 3066183096 0
326865286 1210809984 1
326865286 1210809992 1
326865287 3066183104 0
326865287 3066183112 0
326865287 1210810000 1
326865287 1210810008 1
326865288 3066183120 0
326865289 3066183128 0
326865290 3066183136 0
326865291 3066183144 0
326865292 3066183152 0
326865292 1210810048 1
326865292 1210810112 1
326865293 1210810112 0
326865294 1210810088 0
326865294 1210810072 1
326865294 4159589368 1
326865295 1210810096 0
326865296 4159589368 0
326865296 1210810080 1
326865297 1210810104 0
326865298 4157228056 0
326865298 1210810056 1
326865299 1776979832 0
326865299 7126280 1
326865299 7126288 1
326865301 7126296 1
326865302 3358340080 0
326865302 3358340088 0
326865302 1210810056 1
326865302 1210810064 1
326865303 3358340096 0
326865303 1210810072 1
326866218 3358340104 0
326866218 3358340112 0
326866218 1210810080 1
326866220 3358340120 0
326866220 3358340128 0
326866222 3358340136 0
326866223 3358340144 0
326866223 1210810120 1
326866223 1210810184 1
326866224 1210810184 0
326866225 1210810160 0
326866225 1210810144 1
326866225 4160150656 1
326866226 1210810168 0
326866227 4160150656 0
326866227 1210810152 1
326866228 1210810176 0
326866229 4157627520 0
326866229 1210810128 1
326866230 1776979832 0
326866230 7126280 1
326866230 7126288 1
326866231 7126296 1
326866233 3228508168 0
326866233 3228508176 0
326866233 1210810128 1
326866233 1210810136 1
326866234 3228508184 0
326866234 3228508192 0
326866234 1210810144 1
326866234 1210810152 1
326866235 3228508200 0
326866236 3228508208 0
326866237 3228508216 0
326866238 3228508224 0
326866239 3228508232 0
326866239 1210810192 1
326866239 1210810256 1
326866240 1210810256 0
326866241 1210810232 0
326866241 1210810216 1
326866241 4159589264 1
326866242 1210810240 0
326866243 4159589264 0
326866243 1210810224 1
326866244 1210810248 0
326866245 4157228056 0
326866245 1210810200 1
326866246 1776979832 0
326866246 7126280 1
326866246 7126288 1
326866247 7126296 1
326868370 2927842216 0
326868370 2927842224 0
326868370 1210810200 1
326868370 1210810208 1
326868371 2927842232 0
326868371 2927842240 0
326868371 1210810216 1
326868371 1210810224 1
326868372 2927842248 0
326868372 2927842256 0
326868372 1210810232 1
326868372 1210810256 1
326868373 2927842264 0
326868373 2927842272 0
326868373 1210810264 1
326868373 1210810328 1
326868374 2927842280 0
326868374 1210810328 0
326868374 1210810288 1
326868374 4160149616 1
326868375 1210810304 0
326868375 1210810312 0
326868375 4157627520 1
326868375 1210810272 1
326868376 4160149616 0
326868376 1210810320 0
326868376 1210810296 1
326868376 7126280 1
326868377 4157627520 0
326868377 1776979832 0
326868378 7126288 1
326868378 7126296 1
326869112 1776979832 1
326869113 3016845160 0
326869113 3016845168 0
326869113 1210810272 1
326869113 1210810280 1
326869114 3016845176 0
326869114 3016845184 0
326869114 1210810288 1
326869114 1210810296 1
326869115 3016845192 0
326869115 3016845200 0
326869115 1210810304 1
326869115 1210810312 1
326869116 3016845208 0
326869116 3016845216 0
326869116 1210810320 1
326869116 1210810328 1
326869117 3016845224 0
326869117 1210810400 0
326869117 1210810368 1
326869117 4157627520 1
326869118 1210810376 0
326869118 1210810384 0
326869118 1210810344 1
326869118 1210810336 1
326869119 4160149408 0
326869119 1210810392 0
326869119 7126280 1
326869119 7126288 1
326869120 4157627520 0
326869120 1776979832 0
326869120 1210810400 1
326869120 1210810360 1
326869121 4160149408 1
326869121 7126296 1
326869123 3322329856 0
326869123 3322329864 0
326869123 1210810344 1
326869123 1210810352 1
326869124 3322329872 0
326869124 3322329880 0
326869124 1210810360 1
326869124 1210810368 1
326869125 3322329888 0
326869125 3322329896 0
326869125 1210810408 1
326869126 3322329904 0
326869126 3322329912 0
326869126 1210810472 1
326869126 1210810432 1
326869127 3322329920 0
326869127 1210810472 0
326869127 4160148888 1
326869127 1210810440 1
326869128 1210810448 0
326869128 1210810456 0
326869128 1210810416 1
======
