150676454 4207549
150676454 4207553
150676454 4207557
150676454 4207561
150676454 4207565
150676454 4207569
150676455 4207573
150676455 4207576
150676455 4207579
150676456 4199776
150676456 4199779
150676456 4199781
150676456 4199788
150676456 4199795
150676456 4199802
150676457 4199805
150676457 4199808
150676457 4199810
150676457 4199814
150676457 4199817
150676457 4199821
150676458 4199824
150676459 4199830
150676459 4199833
150676459 4199836
150676460 4207584
150676460 4207588
150676460 4207592
150676460 4207597
150676460 4207600
150676460 4207600
150676461 4207600
150676461 4207600
150676461 4207600
150676461 4207600
150676461 4207600
150676461 4207600
150676462 4207600
150676462 4207603
150676462 4207607
150676462 4207611
150676463 4207520
150676463 4207525
150676463 4207527
150676463 4207535
150676463 4207541
150676463 4207545
150676464 4207549
150676464 4207553
150676464 4207557
150676464 4207561
150676464 4207565
150676464 4207569
150676465 4207573
150676465 4207576
150676465 4207579
150676466 4199776
150676466 4199779
150676466 4199781
150676466 4199788
150676466 4199795
150676466 4199802
150676467 4199805
150676467 4199808
150676467 4199810
150676467 4199814
150676467 4199817
150676467 4199821
150676468 4199824
150676469 4199830
150676469 4199833
150676469 4199836
150676470 4207584
150676470 4207588
150676470 4207592
150676470 4207597
150676470 4207600
150676470 4207600
150676471 4207600
150676471 4207600
150676471 4207600
150676471 4207600
150676471 4207600
150676471 4207600
150676472 4207600
150676472 4207603
150676472 4207607
150676472 4207611
150676473 4207520
150676473 4207525
150676473 4207527
150676473 4207535
150676473 4207541
150676473 4207545
150676474 4207549
150676474 4207553
150676474 4207557
150676474 4207561
150676474 4207565
150676474 4207569
150676475 4207573
150676475 4207576
150676475 4207579
150676476 4199776
150676476 4199779
150676476 4199781
150676476 4199788
150676476 4199795
150676476 4199802
150676477 4199805
150676477 4199808
150680572 4199810
150680572 4199814
150680572 4199817
150680572 4199821
150680572 4199824
150680573 4199830
150680573 4199833
150680573 4199836
150680574 4207584
150680574 4207588
150680574 4207592
150680574 4207597
150680574 4207600
150680574 4207600
150680575 4207600
150680575 4207600
150680575 4207600
150680575 4207600
150680575 4207600
150680575 4207600
150680576 4207600
150680576 4207603
150680576 4207607
150680576 4207611
150680577 4207520
150680577 4207525
150680577 4207527
150680577 4207535
150680577 4207541
150680577 4207545
150680578 4207549
150680578 4207553
150680578 4207557
150680578 4207561
150680578 4207565
150680578 4207569
150680579 4207573
150680579 4207576
150680579 4207579
150680580 4199776
150680580 4199779
150680580 4199781
150680580 4199788
150680580 4199795
150680580 4199802
150680581 4199805
150680581 4199808
150680582 4199826
150680582 4199830
150680582 4199833
150680582 4199836
150680583 4207584
150680583 4207588
150680583 4207592
150680583 4207597
150680583 4207600
150680583 4207600
150680584 4207600
150680584 4207600
150680584 4207600
150680584 4207600
150680584 4207600
150680584 4207600
150680585 4207600
150680585 4207603
150680585 4207607
150680585 4207611
150680586 4207520
150680586 4207525
150680586 4207527
150680586 4207535
150680586 4207541
150680586 4207545
150680587 4207549
150680587 4207553
150680587 4207557
150680587 4207561
150680587 4207565
150680587 4207569
150680588 4207573
150680588 4207576
150680588 4207579
150680589 4199776
150680589 4199779
150680589 4199781
150680589 4199788
150680589 4199795
150680589 4199802
150680590 4199805
150680590 4199808
150680590 4199810
150680590 4199814
150680590 4199817
150680590 4199821
150680591 4199824
150680592 4199830
150680592 4199833
150680592 4199836
150680593 4207584
150680593 4207588
150680593 4207592
150680593 4207597
150680593 4207600
150680593 4207600
150680594 4207600
150680594 4207600
150680594 4207600
150680594 4207600
150680594 4207600
150680594 4207600
150680595 4207600
150680595 4207603
150680595 4207607
150680595 4207611
150680596 4207520
150680596 4207525
150680596 4207527
150680596 4207535
150680596 4207541
150680596 4207545
150680597 4207549
150680597 4207553
150680597 4207557
150680597 4207561
150680597 4207565
150680597 4207569
150680598 4207573
150680598 4207576
150680598 4207579
150680599 4199776
150680599 4199779
150680599 4199781
150680599 4199788
150680599 4199795
150680599 4199802
150680600 4199805
150680600 4199808
150680625 4199826
150680625 4199830
150680625 4199833
150680625 4199836
150680626 4207584
150680626 4207588
150680626 4207592
150680626 4207597
150680626 4207600
150680626 4207600
150680627 4207600
150680627 4207600
150680627 4207600
150680627 4207600
150680627 4207600
150680627 4207600
150680628 4207600
150680628 4207603
150680628 4207607
150680628 4207611
150680629 4207520
150680629 4207525
150680629 4207527
150680629 4207535
150680629 4207541
150680629 4207545
150680630 4207549
150680630 4207553
150680630 4207557
150680630 4207561
150680630 4207565
150680630 4207569
150680631 4207573
150680631 4207576
150680631 4207579
150680632 4199776
150680632 4199779
150680632 4199781
150680632 4199788
150680632 4199795
150680632 4199802
150680633 4199805
150680633 4199808
150681581 4199826
150681581 4199830
150681581 4199833
150681581 4199836
150681582 4207584
150681582 4207588
150681582 4207592
150681582 4207597
150681582 4207600
150681582 4207600
150681583 4207600
150681583 4207600
150681583 4207600
150681583 4207600
150681583 4207600
150681583 4207600
150681584 4207600
150681584 4207603
150681584 4207607
150681584 4207611
150681585 4207520
150681585 4207525
150681585 4207527
150681585 4207535
150681585 4207541
150681585 4207545
150681586 4207549
150681586 4207553
150681586 4207557
150681586 4207561
150681586 4207565
150681586 4207569
150681587 4207573
150681587 4207576
150681587 4207579
150681588 4199776
150681588 4199779
150681588 4199781
150681588 4199788
150681588 4199795
150681588 4199802
150681589 4199805
150681589 4199808
150681590 4199826
150681590 4199830
150681590 4199833
150681590 4199836
150681591 4207584
150681591 4207588
150681591 4207592
150681591 4207597
150681591 4207600
150681591 4207600
150681592 4207600
150681592 4207600
150681592 4207600
150681592 4207600
150681592 4207600
150681592 4207600
150681593 4207600
150681593 4207603
150681593 4207607
150681593 4207611
150681594 4207520
150681594 4207525
150681594 4207527
150681594 4207535
150681594 4207541
150681594 4207545
150681595 4207549
150681595 4207553
150681595 4207557
150681595 4207561
150681595 4207565
150681595 4207569
150681596 4207573
150681596 4207576
150681596 4207579
150681597 4199776
150681597 4199779
150681597 4199781
150681597 4199788
150681597 4199795
150681597 4199802
150681598 4199805
150681598 4199808
150681599 4199826
150681599 4199830
150681599 4199833
150681599 4199836
150681600 4207584
150681600 4207588
150681600 4207592
150681600 4207597
150681600 4207600
150681600 4207600
150681601 4207600
150681601 4207600
150681601 4207600
150681601 4207600
150681601 4207600
150681601 4207600
150681602 4207600
150681602 4207603
150681602 4207607
150681602 4207611
150681603 4207520
150681603 4207525
150681603 4207527
150681603 4207535
150681603 4207541
150681603 4207545
150681604 4207549
150681604 4207553
150681604 4207557
150681604 4207561
150681604 4207565
150681604 4207569
150681605 4207573
150681605 4207576
150681605 4207579
150681606 4199776
150681606 4199779
150681606 4199781
150681606 4199788
150681606 4199795
150681606 4199802
150681607 4199805
150681607 4199808
150681608 4199826
150681608 4199830
150681608 4199833
150681608 4199836
150681609 4207584
150681609 4207588
150681609 4207592
150681609 4207597
150681609 4207600
150681609 4207600
150681610 4207600
150681610 4207600
150681610 4207600
150681610 4207600
150681610 4207600
150681610 4207600
150681611 4207600
150681611 4207603
150681611 4207607
150681611 4207611
150681612 4207520
150681612 4207525
150681612 4207527
150681612 4207535
150681612 4207541
150681612 4207545
150681613 4207549
150681613 4207553
150681613 4207557
150681613 4207561
150681613 4207565
150681613 4207569
150681614 4207573
150681614 4207576
150681614 4207579
150681615 4199776
150681615 4199779
150681615 4199781
150681615 4199788
150681615 4199795
150681615 4199802
150681616 4199805
150681616 4199808
150681617 4199826
150681617 4199830
150681617 4199833
150681617 4199836
150681618 4207584
150681618 4207588
150681618 4207592
150681618 4207597
150681618 4207600
150681618 4207600
150681619 4207600
150681619 4207600
150681619 4207600
150681619 4207600
150681619 4207600
150681619 4207600
150681620 4207600
150681620 4207603
150681620 4207607
150681620 4207611
150681621 4207520
150681621 4207525
150681621 4207527
150681621 4207535
150681621 4207541
150681621 4207545
150681622 4207549
150681622 4207553
150681622 4207557
150681622 4207561
150681622 4207565
150681622 4207569
150681623 4207573
150681623 4207576
150681623 4207579
150681624 4199776
150681624 4199779
150681624 4199781
150681624 4199788
150681624 4199795
150681624 4199802
150681625 4199805
150681625 4199808
150681626 4199826
150681626 4199830
150681626 4199833
150681626 4199836
150681627 4207584
150681627 4207588
150681627 4207592
150681627 4207597
150681627 4207600
150681627 4207600
150681628 4207600
150681628 4207600
150681628 4207600
150681628 4207600
150681628 4207600
150681628 4207600
150681629 4207600
150681629 4207603
150681629 4207607
150681629 4207611
150681630 4207520
150681630 4207525
150681630 4207527
150681630 4207535
150681630 4207541
150681630 4207545
150681631 4207549
150681631 4207553
150681631 4207557
150681631 4207561
150681631 4207565
150681631 4207569
150681632 4207573
150681632 4207576
150681632 4207579
150681633 4199776
150681633 4199779
150681633 4199781
150681633 4199788
150681633 4199795
150681633 4199802
150681634 4199805
150681634 4199808
150681635 4199826
150681635 4199830
150681635 4199833
150681635 4199836
150681636 4207584
150681636 4207588
150681636 4207592
150681636 4207597
150681636 4207600
150681636 4207600
150681637 4207600
150681637 4207600
150681637 4207600
150681637 4207600
150681637 4207600
150681637 4207600
150681638 4207600
150681638 4207603
150681638 4207607
150681638 4207611
150681639 4207520
150681639 4207525
150681639 4207527
150681639 4207535
150681639 4207541
150681639 4207545
150681640 4207549
150681640 4207553
150681640 4207557
150681640 4207561
150681640 4207565
150681640 4207569
150681641 4207573
150681641 4207576
150681641 4207579
150681642 4199776
150681642 4199779
150681642 4199781
150681642 4199788
150681642 4199795
150681642 4199802
150681643 4199805
150681643 4199808
150681644 4199826
150681644 4199830
150681644 4199833
150681644 4199836
150681645 4207584
150681645 4207588
150681645 4207592
150681645 4207597
150681645 4207600
150681645 4207600
150682635 4207600
150682635 4207600
150682637 4207600
150682637 4207600
150682639 4207600
150682640 4207600
150682640 4207600
150682640 4207603
150682640 4207607
150682640 4207611
150682641 4207520
150682641 4207525
150682642 4207527
150682642 4207535
150682642 4207541
150682643 4207545
150682644 4207549
150682644 4207553
150682644 4207557
150682645 4207561
150682646 4207565
150682646 4207569
150682646 4207573
150682647 4207576
150682647 4207579
150682648 4199776
150682648 4199779
150682648 4199781
150682648 4199788
150682648 4199795
150682648 4199802
150682649 4199805
150682649 4199808
150682650 4199826
150682650 4199830
150682650 4199833
150682650 4199836
150682651 4207584
150682651 4207588
150682651 4207592
150682651 4207597
150682651 4207600
150682651 4207600
150682655 4207600
150682655 4207600
150682657 4207600
150682657 4207600
150682659 4207600
150682660 4207600
150682660 4207600
150682660 4207603
150682660 4207607
150682660 4207611
150682661 4207520
150682661 4207525
150682662 4207527
150682662 4207535
150682662 4207541
150682663 4207545
150682664 4207549
150682664 4207553
150682664 4207557
150682665 4207561
150682666 4207565
150682666 4207569
150682666 4207573
150682667 4207576
150682667 4207579
150682668 4199776
150682668 4199779
150682668 4199781
150682668 4199788
150682668 4199795
150682668 4199802
150682669 4199805
150682669 4199808
150685905 4199810
150685905 4199814
150685905 4199817
150685905 4199821
150685905 4199824
150685906 4199830
150685906 4199833
150685906 4199836
150685907 4207584
150685907 4207588
150685907 4207592
150685907 4207597
150685907 4207600
150685907 4207600
150685908 4207600
150685908 4207600
150685908 4207600
150685908 4207600
150685908 4207600
150685908 4207600
150685909 4207600
150685909 4207603
150685909 4207607
150685909 4207611
150685910 4207520
150685910 4207525
150685910 4207527
150685910 4207535
150685910 4207541
150685910 4207545
150685911 4207549
150685911 4207553
150685911 4207557
150685911 4207561
150685911 4207565
150685911 4207569
150685912 4207573
150685912 4207576
150685912 4207579
150685913 4199776
150685913 4199779
150685913 4199781
150685913 4199788
150685913 4199795
150685913 4199802
150685914 4199805
150685914 4199808
150685915 4199826
150685915 4199830
150685915 4199833
150685915 4199836
150685916 4207584
150685916 4207588
150685916 4207592
150685916 4207597
150685916 4207600
150685916 4207600
150685917 4207600
150685917 4207600
150685917 4207600
150685917 4207600
150685917 4207600
150685917 4207600
150685918 4207600
150685918 4207603
150685918 4207607
150685918 4207611
150685919 4207520
150685919 4207525
150685919 4207527
150685919 4207535
150685919 4207541
150685919 4207545
150685920 4207549
150685920 4207553
150685920 4207557
150685920 4207561
150685920 4207565
150685920 4207569
150685921 4207573
150685921 4207576
150685921 4207579
150685922 4199776
150685922 4199779
150685922 4199781
150685922 4199788
150685922 4199795
150685922 4199802
150685923 4199805
150685923 4199808
150685924 4199826
150685924 4199830
150685924 4199833
150685924 4199836
150685925 4207584
150685925 4207588
150685925 4207592
150685925 4207597
150685925 4207600
150685925 4207600
150685926 4207600
150685926 4207600
150685926 4207600
150685926 4207600
150685926 4207600
150685926 4207600
150685927 4207600
150685927 4207603
150685927 4207607
150685927 4207611
150685928 4207520
150685928 4207525
150685928 4207527
150685928 4207535
150685928 4207541
150685928 4207545
150685929 4207549
150685929 4207553
150685929 4207557
150689956 4207561
150674452 4207584
150674452 4207588
150674452 4207592
150674452 4207597
150674452 4207600
150674452 4207600
150674453 4207600
150674453 4207600
150674453 4207600
150674453 4207600
150674453 4207600
150674453 4207600
150674454 4207600
150674454 4207603
150674454 4207607
150674454 4207611
150674455 4207520
150674455 4207525
150674455 4207527
150674455 4207535
150674455 4207541
150674455 4207545
150674456 4207549
150674456 4207553
150674456 4207557
150674456 4207561
150674456 4207565
150674456 4207569
150674457 4207573
150674457 4207576
150674457 4207579
150674458 4199776
150674458 4199779
150674458 4199781
150674458 4199788
150674458 4199795
150674458 4199802
150674459 4199805
150674459 4199808
150676398 4199810
150676398 4199814
150676398 4199817
150676398 4199821
150676398 4199824
150676399 4199830
150676399 4199833
150676399 4199836
150676400 4207584
150676400 4207588
150676400 4207592
150676400 4207597
150676400 4207600
150676400 4207600
150676401 4207600
150676401 4207600
150676401 4207600
150676401 4207600
150676401 4207600
150676401 4207600
150676402 4207600
150676402 4207603
150676402 4207607
150676402 4207611
150676403 4207520
150676403 4207525
150676403 4207527
150676403 4207535
150676403 4207541
150676403 4207545
150676404 4207549
150676404 4207553
150676404 4207557
150676404 4207561
150676404 4207565
150676404 4207569
150676405 4207573
150676405 4207576
150676405 4207579
150676406 4199776
150676406 4199779
150676406 4199781
150676406 4199788
150676406 4199795
150676406 4199802
150676407 4199805
150676407 4199808
150676407 4199810
150676407 4199814
150676407 4199817
150676407 4199821
150676408 4199824
150676409 4199830
150676409 4199833
150676409 4199836
150676410 4207584
150676410 4207588
150676410 4207592
150676410 4207597
150676410 4207600
150676410 4207600
150676411 4207600
150676411 4207600
150676411 4207600
150676411 4207600
150676411 4207600
150676411 4207600
150676412 4207600
150676412 4207603
150676412 4207607
150676412 4207611
150676413 4207520
150676413 4207525
150676413 4207527
150676413 4207535
150676413 4207541
150676413 4207545
150676414 4207549
150676414 4207553
150676414 4207557
150676414 4207561
150676414 4207565
150676414 4207569
150676415 4207573
150676415 4207576
150676415 4207579
150676416 4199776
150676416 4199779
150676416 4199781
150676416 4199788
150676416 4199795
150676416 4199802
150676417 4199805
150676417 4199808
150676418 4199826
150676418 4199830
150676418 4199833
150676418 4199836
150676419 4207584
150676419 4207588
150676419 4207592
150676419 4207597
150676419 4207600
150676419 4207600
150676420 4207600
150676420 4207600
150676420 4207600
150676420 4207600
150676420 4207600
150676420 4207600
150676421 4207600
150676421 4207603
150676421 4207607
150676421 4207611
150676422 4207520
150676422 4207525
150676422 4207527
150676422 4207535
150676422 4207541
150676422 4207545
150676423 4207549
150676423 4207553
150676423 4207557
150676423 4207561
150676423 4207565
150676423 4207569
150676424 4207573
150676424 4207576
150676424 4207579
150676425 4199776
150676425 4199779
150676425 4199781
150676425 4199788
150676425 4199795
150676425 4199802
150676426 4199805
150676426 4199808
150676449 4199826
150676449 4199830
150676449 4199833
150676449 4199836
150676450 4207584
150676450 4207588
150676450 4207592
150676450 4207597
150676450 4207600
150676450 4207600
150676451 4207600
150676451 4207600
150676451 4207600
150676451 4207600
150676451 4207600
150676451 4207600
150676452 4207600
150676452 4207603
150676452 4207607
150676452 4207611
150676453 4207520
150676453 4207525
150676453 4207527
150676453 4207535
150676453 4207541
150676453 4207545
======
326861217 4207592
326861217 4207597
326861217 4207600
326861217 4207600
326861218 4207600
326861218 4207600
326861218 4207600
326861218 4207600
326861218 4207600
326861218 4207600
326861219 4207600
326861219 4207603
326861219 4207607
326861219 4207611
326861220 4207520
326861220 4207525
326861220 4207527
326861220 4207535
326861220 4207541
326861220 4207545
326861221 4207549
326861221 4207553
326861221 4207557
326861221 4207561
326861221 4207565
326861221 4207569
326861222 4207573
326861222 4207576
326861222 4207579
326861223 4199776
326861223 4199779
326861223 4199781
326861223 4199788
326861223 4199795
326861223 4199802
326861224 4199805
326861224 4199808
326861224 4199810
326861224 4199814
326861224 4199817
326861224 4199821
326861225 4199824
326861226 4199830
326861226 4199833
326861226 4199836
326861227 4207584
326861227 4207588
326861227 4207592
326861227 4207597
326861227 4207600
326861227 4207600
326861228 4207600
326861228 4207600
326861228 4207600
326861228 4207600
326861228 4207600
326861228 4207600
326861229 4207600
326861229 4207603
326861229 4207607
326861229 4207611
326861230 4207520
326861230 4207525
326861230 4207527
326861230 4207535
326861230 4207541
326861230 4207545
326861231 4207549
326861231 4207553
326861231 4207557
326861231 4207561
326861231 4207565
326861231 4207569
326861232 4207573
326861232 4207576
326861232 4207579
326861233 4199776
326861233 4199779
326861233 4199781
326861233 4199788
326861233 4199795
326861233 4199802
326861234 4199805
326861234 4199808
326861234 4199810
326861234 4199814
326861234 4199817
326861234 4199821
326861235 4199824
326861236 4199830
326861236 4199833
326861236 4199836
326861237 4207584
326861237 4207588
326861237 4207592
326861237 4207597
326861237 4207600
326861237 4207600
326861238 4207600
326861238 4207600
326861238 4207600
326861238 4207600
326861238 4207600
326861238 4207600
326861239 4207600
326861239 4207603
326861239 4207607
326861239 4207611
326861240 4207520
326861240 4207525
326861240 4207527
326861240 4207535
326861240 4207541
326861240 4207545
326861241 4207549
326861241 4207553
326861241 4207557
326861241 4207561
326861241 4207565
326861241 4207569
326861242 4207573
326861242 4207576
326861242 4207579
326861243 4199776
326861243 4199779
326861243 4199781
326861243 4199788
326861243 4199795
326861243 4199802
326861244 4199805
326861244 4199808
326861244 4199810
326861244 4199814
326861630 4199817
326861630 4199821
326861632 4199824
326861633 4199830
326861634 4199833
326861635 4199836
326861636 4207584
326861636 4207588
326861636 4207592
326861636 4207597
326861636 4207600
326861636 4207600
326861637 4207600
326861637 4207600
326861637 4207600
326861638 4207600
326861639 4207600
326861639 4207600
326861639 4207600
326861640 4207603
326861641 4207607
326861641 4207611
326861642 4207520
326861642 4207525
326861642 4207527
326861642 4207535
326861642 4207541
326861642 4207545
326861643 4207549
326861643 4207553
326861643 4207557
326861643 4207561
326861643 4207565
326861643 4207569
326861644 4207573
326861644 4207576
326861644 4207579
326861645 4199776
326861645 4199779
326861645 4199781
326861645 4199788
326861645 4199795
326861645 4199802
326861646 4199805
326861646 4199808
326861646 4199810
326861646 4199814
326862541 4199817
326862541 4199821
326862543 4199824
326862544 4199830
326862545 4199833
326862546 4199836
326862547 4207584
326862547 4207588
326862547 4207592
326862547 4207597
326862547 4207600
326862547 4207600
326862548 4207600
326862548 4207600
326862548 4207600
326862549 4207600
326862550 4207600
326862550 4207600
326862550 4207600
326862551 4207603
326862552 4207607
326862552 4207611
326862553 4207520
326862553 4207525
326862553 4207527
326862553 4207535
326862553 4207541
326862553 4207545
326862554 4207549
326862554 4207553
326862554 4207557
326862554 4207561
326862554 4207565
326862554 4207569
326862555 4207573
326862555 4207576
326862555 4207579
326862556 4199776
326862556 4199779
326862556 4199781
326862556 4199788
326862556 4199795
326862556 4199802
326862557 4199805
326862557 4199808
326862557 4199810
326862557 4199814
326862557 4199817
326862557 4199821
326862559 4199824
326862560 4199830
326862561 4199833
326862562 4199836
326862563 4207584
326862563 4207588
326862563 4207592
326862563 4207597
326862563 4207600
326862563 4207600
326862564 4207600
326862564 4207600
326862564 4207600
326862565 4207600
326862566 4207600
326862566 4207600
326862566 4207600
326862567 4207603
326862568 4207607
326862568 4207611
326862569 4207520
326862569 4207525
326862569 4207527
326862569 4207535
326862569 4207541
326862569 4207545
326862570 4207549
326862570 4207553
326862570 4207557
326862570 4207561
326862570 4207565
326862570 4207569
326862571 4207573
326862571 4207576
326862571 4207579
326862572 4199776
326862572 4199779
326862572 4199781
326862572 4199788
326862572 4199795
326862572 4199802
326862573 4199805
326862573 4199808
326862573 4199810
326862573 4199814
326862908 4199817
326862908 4199821
326862910 4199824
326862911 4199830
326862912 4199833
326862913 4199836
326862914 4207584
326862914 4207588
326862914 4207592
326862914 4207597
326862914 4207600
326862914 4207600
326862915 4207600
326862915 4207600
326862915 4207600
326862916 4207600
326862917 4207600
326862917 4207600
326862917 4207600
326862918 4207603
326862919 4207607
326862919 4207611
326862920 4207520
326862920 4207525
326862920 4207527
326862920 4207535
326862920 4207541
326862920 4207545
326862921 4207549
326862921 4207553
326862921 4207557
326862921 4207561
326862921 4207565
326862921 4207569
326862922 4207573
326862922 4207576
326862922 4207579
326862923 4199776
326862923 4199779
326862923 4199781
326862923 4199788
326862923 4199795
326862923 4199802
326862924 4199805
326862924 4199808
326862924 4199810
326862924 4199814
326862924 4199817
326862924 4199821
326862926 4199824
326862927 4199830
326862928 4199833
326862929 4199836
326862930 4207584
326862930 4207588
326862930 4207592
326862930 4207597
326862930 4207600
326862930 4207600
326862931 4207600
326862931 4207600
326862931 4207600
326862932 4207600
326862933 4207600
326862933 4207600
326862933 4207600
326862934 4207603
326862935 4207607
326862935 4207611
326862936 4207520
326862936 4207525
326862936 4207527
326862936 4207535
326862936 4207541
326862936 4207545
326862937 4207549
326862937 4207553
326862937 4207557
326862937 4207561
326862937 4207565
326862937 4207569
326862938 4207573
326862938 4207576
326862938 4207579
326862939 4199776
326862939 4199779
326862939 4199781
326862939 4199788
326862939 4199795
326862939 4199802
326862940 4199805
326862940 4199808
326862940 4199810
326862940 4199814
326863991 4199817
326863991 4199821
326863993 4199824
326863994 4199830
326863995 4199833
326863996 4199836
326863997 4207584
326863997 4207588
326863997 4207592
326863997 4207597
326863997 4207600
326863997 4207600
326863998 4207600
326863998 4207600
326863998 4207600
326863999 4207600
326864000 4207600
326864000 4207600
326864000 4207600
326864001 4207603
326864002 4207607
326864002 4207611
326864003 4207520
326864003 4207525
326864003 4207527
326864003 4207535
326864003 4207541
326864003 4207545
326864004 4207549
326864004 4207553
326864004 4207557
326864004 4207561
326864004 4207565
326864004 4207569
326864005 4207573
326864005 4207576
326864005 4207579
326864006 4199776
326864006 4199779
326864006 4199781
326864006 4199788
326864006 4199795
326864006 4199802
326864007 4199805
326864007 4199808
326864007 4199810
326864007 4199814
326864007 4199817
326864007 4199821
326864009 4199824
326864010 4199830
326864011 4199833
326864012 4199836
326864013 4207584
326864013 4207588
326864013 4207592
326864013 4207597
326864013 4207600
326864013 4207600
326864014 4207600
326864014 4207600
326864014 4207600
326864015 4207600
326864016 4207600
326864016 4207600
326864016 4207600
326864017 4207603
326864018 4207607
326864018 4207611
326864019 4207520
326864019 4207525
326864019 4207527
326864019 4207535
326864019 4207541
326864019 4207545
326864020 4207549
326864020 4207553
326864020 4207557
326864020 4207561
326864020 4207565
326864020 4207569
326864021 4207573
326864021 4207576
326864021 4207579
326864022 4199776
326864022 4199779
326864022 4199781
326864022 4199788
326864022 4199795
326864022 4199802
326864023 4199805
326864023 4199808
326864951 4199810
326864951 4199814
326865270 4199817
326865270 4199821
326865272 4199824
326865273 4199830
326865274 4199833
326865275 4199836
326865276 4207584
326865276 4207588
326865276 4207592
326865276 4207597
326865276 4207600
326865276 4207600
326865277 4207600
326865277 4207600
326865277 4207600
326865278 4207600
326865279 4207600
326865279 4207600
326865279 4207600
326865280 4207603
326865281 4207607
326865281 4207611
326865282 4207520
326865282 4207525
326865282 4207527
326865282 4207535
326865282 4207541
326865282 4207545
326865283 4207549
326865283 4207553
326865283 4207557
326865283 4207561
326865283 4207565
326865283 4207569
326865284 4207573
326865284 4207576
326865284 4207579
326865285 4199776
326865285 4199779
326865285 4199781
326865285 4199788
326865285 4199795
326865285 4199802
326865286 4199805
326865286 4199808
326868363 4199826
326868363 4199830
326868363 4199833
326868363 4199836
326868364 4207584
326868364 4207588
326868364 4207592
326868364 4207597
326868364 4207600
326868364 4207600
326868365 4207600
326868365 4207600
326868365 4207600
326868365 4207600
326868365 4207600
326868365 4207600
326868366 4207600
326868366 4207603
326868366 4207607
326868366 4207611
326868367 4207520
326868367 4207525
326868367 4207527
326868367 4207535
326868367 4207541
326868367 4207545
326868368 4207549
326868368 4207553
326868368 4207557
326868368 4207561
326868368 4207565
326868368 4207569
326868369 4207573
326868369 4207576
326868369 4207579
326868370 4199776
326868370 4199779
326868370 4199781
326868370 4199788
326868370 4199795
326868370 4199802
326868371 4199805
326868371 4199808
326869106 4199826
326869106 4199830
326869106 4199833
326869106 4199836
326869107 4207584
326869107 4207588
326869107 4207592
326869107 4207597
326869107 4207600
326869107 4207600
326869108 4207600
326869108 4207600
326869108 4207600
326869108 4207600
326869108 4207600
326869108 4207600
326869109 4207600
326869109 4207603
326869109 4207607
326869109 4207611
326869110 4207520
326869110 4207525
326869110 4207527
326869110 4207535
326869110 4207541
326869110 4207545
326869111 4207549
326869111 4207553
326869111 4207557
326869111 4207561
326869111 4207565
326869111 4207569
326869112 4207573
326869112 4207576
326869112 4207579
326869113 4199776
326869113 4199779
326869113 4199781
326869113 4199788
326869113 4199795
326869113 4199802
326869114 4199805
326869114 4199808
326869114 4199810
326869114 4199814
326869114 4199817
326869114 4199821
326869115 4199824
326869116 4199830
326869116 4199833
326869116 4199836
326869117 4207584
326869117 4207588
326869117 4207592
326869117 4207597
326869117 4207600
326869117 4207600
326869118 4207600
326869118 4207600
326869118 4207600
326869118 4207600
326869118 4207600
326869118 4207600
326869119 4207600
326869119 4207603
326869119 4207607
326869119 4207611
326869120 4207520
326869120 4207525
326869120 4207527
326869120 4207535
326869120 4207541
326869120 4207545
326869121 4207549
326869121 4207553
326869121 4207557
326869121 4207561
326869121 4207565
326869121 4207569
326869122 4207573
326869122 4207576
326869122 4207579
326869123 4199776
326869123 4199779
326869123 4199781
326869123 4199788
326869123 4199795
326869123 4199802
326869124 4199805
326869124 4199808
326869124 4199810
326869124 4199814
326869124 4199817
326869124 4199821
326869125 4199824
326869126 4199830
326869126 4199833
326869126 4199836
326869127 4207584
326869127 4207588
326869127 4207592
326869127 4207597
326869127 4207600
326869127 4207600
326869128 4207600
326869128 4207600
326869128 4207600
326869128 4207600
326869128 4207600
326869128 4207600
326869129 4207600
326869129 4207603
326869129 4207607
326869129 4207611
326869130 4207520
326869130 4207525
326869130 4207527
326869130 4207535
326869130 4207541
326869130 4207545
326869131 4207549
326869131 4207553
326869131 4207557
326869131 4207561
326869131 4207565
326869131 4207569
326869132 4207573
326869132 4207576
326869132 4207579
326869133 4199776
326869133 4199779
326869133 4199781
326869133 4199788
326869133 4199795
326869133 4199802
326869134 4199805
326869134 4199808
326869134 4199810
326869134 4199814
326869134 4199817
326869134 4199821
326869135 4199824
326869136 4199830
326869136 4199833
326869136 4199836
326869137 4207584
326869137 4207588
326869137 4207592
326869137 4207597
326869137 4207600
326869137 4207600
326869138 4207600
326869138 4207600
326869138 4207600
326869138 4207600
326869138 4207600
326869138 4207600
326869139 4207600
326869139 4207603
326869139 4207607
326869139 4207611
326869140 4207520
326869140 4207525
326869140 4207527
326869140 4207535
326869140 4207541
326869140 4207545
326869141 4207549
326869141 4207553
326869141 4207557
326869141 4207561
326869141 4207565
326869141 4207569
326869142 4207573
326869142 4207576
326869142 4207579
326869143 4199776
326869143 4199779
326869143 4199781
326869143 4199788
326869143 4199795
326869143 4199802
326869144 4199805
326869144 4199808
326869144 4199810
326869144 4199814
326869144 4199817
326869144 4199821
326869145 4199824
326869146 4199830
326869146 4199833
326869146 4199836
326869147 4207584
326869147 4207588
326869147 4207592
326869147 4207597
326869147 4207600
326869147 4207600
326869148 4207600
326869148 4207600
326869148 4207600
326869148 4207600
326869148 4207600
326869148 4207600
326869149 4207600
326869149 4207603
326869149 4207607
326869149 4207611
326869150 4207520
326869150 4207525
326869150 4207527
326869150 4207535
326869150 4207541
326869150 4207545
326869151 4207549
326869151 4207553
326869151 4207557
326869151 4207561
326869151 4207565
326869151 4207569
326869152 4207573
326869152 4207576
326869152 4207579
326869153 4199776
326869153 4199779
326869153 4199781
326869153 4199788
326869153 4199795
326869153 4199802
326869154 4199805
326869154 4199808
326871013 4199826
326871013 4199830
326871013 4199833
326871013 4199836
326871014 4207584
326871014 4207588
326871014 4207592
326871014 4207597
326871014 4207600
326871014 4207600
326871015 4207600
326871015 4207600
326871015 4207600
326871015 4207600
326871015 4207600
326871015 4207600
326871016 4207600
326871016 4207603
326871016 4207607
326871016 4207611
326871017 4207520
326871017 4207525
326871017 4207527
326871017 4207535
326871017 4207541
326871017 4207545
326871018 4207549
326871018 4207553
326871018 4207557
326871018 4207561
326871018 4207565
326871018 4207569
326871019 4207573
326871019 4207576
326871019 4207579
326871020 4199776
326871020 4199779
326871020 4199781
326871020 4199788
326871020 4199795
326871020 4199802
326871021 4199805
326871021 4199808
326872125 4199826
326872125 4199830
326872125 4199833
326872125 4199836
326872126 4207584
326872126 4207588
326872126 4207592
326872126 4207597
326872126 4207600
326872126 4207600
326872127 4207600
326872127 4207600
326872127 4207600
326872127 4207600
326872127 4207600
326872127 4207600
326872128 4207600
326872128 4207603
326872128 4207607
326872128 4207611
326872129 4207520
326872129 4207525
326872129 4207527
326872129 4207535
326872129 4207541
326872129 4207545
326872130 4207549
326872130 4207553
326872130 4207557
326872130 4207561
326872130 4207565
326872130 4207569
326872131 4207573
326872131 4207576
326872131 4207579
326872132 4199776
326872132 4199779
326872132 4199781
326872132 4199788
326872132 4199795
326872132 4199802
326872133 4199805
326872133 4199808
326872133 4199810
326872133 4199814
326872133 4199817
326872133 4199821
326872134 4199824
326872135 4199830
326872135 4199833
326872135 4199836
326872136 4207584
326872136 4207588
326872136 4207592
326872136 4207597
326872136 4207600
326872136 4207600
326872137 4207600
326872137 4207600
326872137 4207600
326872137 4207600
326872137 4207600
326872137 4207600
326872138 4207600
326872138 4207603
326872138 4207607
326872138 4207611
326872139 4207520
326872139 4207525
326872139 4207527
326872139 4207535
326872139 4207541
326872139 4207545
326872140 4207549
326872140 4207553
326872140 4207557
326872140 4207561
326872140 4207565
326872140 4207569
326872141 4207573
326872141 4207576
326872141 4207579
326872142 4199776
326872142 4199779
326872142 4199781
326872142 4199788
326872142 4199795
326872142 4199802
326872143 4199805
326872143 4199808
326872143 4199810
326872143 4199814
326874824 4199817
326861199 4207603
326861199 4207607
326861199 4207611
326861200 4207520
326861200 4207525
326861200 4207527
326861200 4207535
326861200 4207541
326861200 4207545
326861201 4207549
326861201 4207553
326861201 4207557
326861201 4207561
326861201 4207565
326861201 4207569
326861202 4207573
326861202 4207576
326861202 4207579
326861203 4199776
326861203 4199779
326861203 4199781
326861203 4199788
326861203 4199795
326861203 4199802
326861204 4199805
326861204 4199808
326861204 4199810
326861204 4199814
326861204 4199817
326861204 4199821
326861205 4199824
326861206 4199830
326861206 4199833
326861206 4199836
326861207 4207584
326861207 4207588
326861207 4207592
326861207 4207597
326861207 4207600
326861207 4207600
326861208 4207600
326861208 4207600
326861208 4207600
326861208 4207600
326861208 4207600
326861208 4207600
326861209 4207600
326861209 4207603
326861209 4207607
326861209 4207611
326861210 4207520
326861210 4207525
326861210 4207527
326861210 4207535
326861210 4207541
326861210 4207545
326861211 4207549
326861211 4207553
326861211 4207557
326861211 4207561
326861211 4207565
326861211 4207569
326861212 4207573
326861212 4207576
326861212 4207579
326861213 4199776
326861213 4199779
326861213 4199781
326861213 4199788
326861213 4199795
326861213 4199802
326861214 4199805
326861214 4199808
326861214 4199810
326861214 4199814
326861214 4199817
326861214 4199821
326861215 4199824
326861216 4199830
326861216 4199833
326861216 4199836
326861217 4207584
326861217 4207588
======
